1	2	3.554325	2.842939	-0.449567	-0.493110	-6.037775	-5.571456	6.261682	6.671075
3	2	-6.882802	-3.368350	6.706730	4.877791	4.530488	5.898527	0.187926	-7.698983
8	2	-4.878942	-2.244981	7.059671	7.343599	6.584632	6.984370	-4.900383	-5.657217
9	2	8.529323	6.487603	-3.262396	-1.909708	-3.736038	-1.612529	8.689665	4.860234
13	2	3.014696	4.460615	3.044496	-1.652526	-3.423227	-1.263406	7.946945	2.895761
15	2	6.498958	6.017351	-4.192506	-4.825848	-2.215744	-2.405257	6.207619	5.164977
16	2	-3.540964	-6.962534	7.494669	7.356002	5.112719	5.356361	-2.768040	-1.641481
17	2	1.179184	-0.620164	-2.475961	0.422324	6.632305	5.454437	-5.289369	-3.658542
18	2	-4.492380	-5.417647	6.071431	6.926026	7.145052	3.930930	-2.045458	-3.478280
20	2	8.279680	7.501005	-4.461471	-5.090652	-0.725758	-1.393544	7.269871	6.442050
22	2	6.874263	4.558010	-2.856751	-2.974086	-4.256710	-4.088462	7.330634	5.137367
23	2	6.663096	6.704040	-6.248607	-4.749669	-3.614089	-0.829244	5.994447	5.161134
25	2	-0.897402	-1.404056	2.255657	2.813145	5.764467	5.402975	-2.578490	0.234221
27	2	-2.492626	-6.385523	4.935217	6.336625	5.989038	4.074775	2.036667	1.337869
28	2	-4.283497	-4.499197	6.123012	3.789231	7.408255	6.329128	-3.036072	-7.639030
29	2	6.137915	6.998170	-4.996506	-3.536224	-3.082421	-2.631419	5.611872	6.566988
32	2	6.589829	8.389683	-3.412401	-5.538823	-5.321187	-3.150444	5.783959	4.141606
34	2	7.633083	6.615710	-3.170503	-1.561243	-4.435877	-1.243097	7.697725	6.919914
35	2	0.691933	-5.187768	4.576161	6.292194	6.711762	5.578906	-4.693352	-1.154694
36	2	7.053735	6.171000	-5.905866	-4.072997	-4.168843	-4.927446	6.464936	6.861886
41	2	5.600723	7.204764	-0.028595	-2.081919	-3.953554	-2.135672	6.496694	8.435340
43	2	-0.299728	-2.331708	5.372865	7.021031	8.904073	7.081477	-7.489939	-4.631492
44	2	-5.339271	-6.064758	8.221432	5.984528	6.805152	5.926555	-2.444548	-3.450503
45	2	4.774054	7.725509	1.581159	4.305043	-2.447864	1.329451	6.846749	8.239740
46	2	-4.809259	-5.669878	7.359821	6.951291	6.117816	4.442191	-2.261463	0.120223
47	2	0.944941	5.283718	5.474263	4.175808	-5.705658	-2.179211	5.667213	7.028513
49	2	4.960144	6.296301	-3.504977	-3.665026	-6.952165	-5.207862	7.782404	7.601606
50	2	-5.023786	-3.950396	6.121466	6.036651	6.965410	5.527976	-2.716396	-0.153238
51	2	2.032086	3.155613	0.437744	1.333029	-8.300776	-4.155821	6.537237	8.463491
52	2	2.559503	6.645849	0.693400	0.259051	-3.746292	-4.104651	5.135240	6.233277
54	2	7.433332	8.318385	-2.497846	-7.909327	-4.742744	-3.586497	8.041789	4.109246
55	2	-5.185975	-3.895412	5.986581	7.455596	6.009492	6.812599	-5.081641	-3.303084
56	2	0.026165	-4.170042	3.552359	7.983864	7.197179	6.743895	-5.140971	-3.129501
57	2	-1.571697	-4.931306	4.427106	4.443202	0.999276	1.059333	-1.139727	0.463810
59	2	-3.274073	-3.408610	8.925508	5.078578	6.933551	6.656440	-2.079249	-5.799588
60	2	3.314532	7.681649	-1.330620	-7.762282	-2.752359	-2.101516	4.973729	4.293161
61	2	7.394993	5.933257	-5.379863	-5.536105	0.002367	-1.860316	6.339250	4.192068
62	2	5.814493	7.423492	-0.834381	-4.665967	-5.919465	-3.165497	9.662936	4.785256
63	2	-5.162815	-7.011294	7.099957	7.186764	6.003068	4.080413	-5.820695	1.167505
64	2	5.817253	7.393136	-5.142119	-1.407435	-0.010637	-1.799755	3.594116	5.410913
65	2	5.857819	5.360686	-0.526280	-4.905356	-4.625317	-2.965959	8.061817	4.848987
66	2	9.596075	5.069599	1.068090	-4.174002	-0.143595	-3.160167	7.306127	5.205974
67	2	-5.518961	-4.810292	7.122841	6.380715	6.095543	7.717888	-1.245474	-5.126474
69	2	6.244402	6.525274	-6.834500	-5.709816	-1.879944	-2.779730	5.286013	6.365190
71	2	-1.069848	6.620166	5.080409	-0.113681	4.357034	7.242193	-0.637357	-4.753660
72	2	-4.300905	0.651420	1.607253	0.289472	6.422163	6.831020	-3.060501	-6.641497
73	2	9.161448	4.439267	-6.640503	-1.205870	2.728767	-0.591623	4.197496	5.306165
74	2	5.493124	7.119583	-4.870719	-5.152648	-3.197060	-3.466754	6.775291	5.705511
75	2	4.734247	7.270815	-7.115303	-5.265529	-6.115375	0.427620	5.125106	6.667460
76	2	9.581265	6.038107	-3.418267	-4.542297	-2.294061	-4.013129	7.172354	7.043709
77	2	1.657031	-5.927638	0.435665	5.332424	-3.633877	-6.263797	5.231831	7.676807
78	2	4.099797	8.674039	-6.505586	-4.391764	-2.968951	-2.795002	5.722994	7.454432
79	2	-1.630956	-2.015112	7.373753	7.772331	5.884832	4.254057	-4.755378	0.473313
80	2	-4.206389	-2.631195	8.193060	8.015305	6.906149	6.447798	-3.231830	-2.474491
81	2	-5.131427	-1.030135	6.749214	6.709069	6.516365	4.283436	1.612319	3.119761
86	2	6.788164	7.461856	-4.550134	-7.903587	-2.662853	-2.787892	6.792241	4.324605
87	2	-1.356812	-8.220910	6.921267	6.360287	5.598771	3.721025	0.229020	0.373883
88	2	-2.524136	-5.044403	5.421779	7.503050	6.111283	6.252906	-4.112460	-2.977866
89	2	-5.207901	-2.766901	7.335243	6.792373	6.525054	6.159563	-4.301616	-2.326681
91	2	6.544734	8.386841	3.853917	-3.115831	-1.520220	-1.332430	6.861168	3.343293
92	2	6.235933	4.176521	-5.056443	-3.087904	1.376887	-0.503156	6.278365	4.303444
93	2	5.947368	5.823626	0.865454	-1.724643	-2.794998	-3.041698	7.156895	4.674740
95	2	-5.051076	-4.515819	6.212252	7.026865	5.455850	6.233392	-4.145386	-1.455024
96	2	-3.970758	-4.998245	5.183321	8.780370	5.245948	5.732264	2.977402	0.916755
98	2	8.825670	8.211839	-1.428119	-5.249707	2.890704	7.424876	5.110394	1.222450
100	2	-5.683221	-1.757648	4.496675	0.796828	-2.043480	-1.687579	2.874230	-0.484581
101	2	6.798544	8.890873	-4.336147	-5.628328	-3.222375	-0.370768	5.998736	5.081834
102	2	-5.330396	-2.865443	7.695404	6.708408	7.049999	6.743691	-3.262478	-1.996455
103	2	6.165875	5.505610	-5.386255	-3.961059	-6.223849	-6.409687	3.297785	8.027880
105	2	-4.448512	-1.297014	7.559457	6.688293	7.442962	6.717873	-1.956547	-0.185300
106	2	-1.729462	-5.123410	7.612652	6.632006	7.255766	7.513549	-2.356886	-1.573513
107	2	-6.463448	-2.545268	6.677716	7.485134	5.156168	6.303919	-5.206596	0.617832
108	2	-3.773257	-6.414278	5.580555	4.326274	7.549018	3.515465	0.479339	-0.120319
109	2	4.346676	4.700166	-1.080473	-5.785508	-7.602038	-5.725361	7.689552	6.675116
110	2	4.251902	5.572720	-4.457161	-2.960426	-5.642388	-3.621389	5.762802	5.643216
113	2	6.616428	8.619260	-3.281630	-4.590448	-3.667957	-1.786351	5.833235	6.491783
115	2	7.199327	6.750620	-5.003922	-3.319703	-3.424162	-5.380442	6.973961	5.576580
116	2	-3.871335	-7.705335	8.943864	8.032179	6.605125	5.010075	-1.344332	-1.875531
117	2	-0.990408	-2.216713	5.763500	6.028566	5.715763	5.898623	0.532454	0.728052
119	2	-5.660688	-0.912040	6.715575	8.080014	5.613136	7.328264	-2.891056	-4.559483
120	2	5.877753	8.499490	-2.696452	-1.769197	-3.514144	-2.509797	7.576456	9.320556
121	2	7.912881	7.617877	-3.533556	-4.846890	-0.629911	-2.583357	7.323069	6.606381
123	2	4.925415	7.241929	-4.258461	-0.347590	-2.555176	-3.310550	5.386700	6.874719
125	2	-1.758069	-4.746327	6.747766	6.188009	5.079409	5.895135	-2.402193	-0.036467
126	2	-2.753519	-6.235629	5.875308	6.050357	6.595918	6.089244	-4.649251	-5.514582
127	2	-0.742073	-0.216234	3.475168	3.344576	4.762906	5.318938	-5.588075	-3.094340
129	2	4.776569	7.603514	-6.172382	-5.118922	-5.020294	-2.235153	5.909207	6.429542
130	2	-4.712377	-5.063698	7.012090	5.654572	6.382929	6.191991	-4.313924	-3.453889
132	2	-1.694763	-4.710802	2.665762	5.475751	4.829543	5.985031	-2.673631	-1.798581
133	2	1.826972	5.999744	8.647884	1.165218	-0.653603	-0.450990	9.014129	6.668444
134	2	-1.417509	-1.972253	7.295920	9.146749	6.616506	7.064918	-1.548596	-3.319721
135	2	-4.569709	-3.831927	8.051809	6.024610	5.141126	7.951164	-3.049773	-4.486284
136	2	6.680573	5.545485	-5.540652	-4.073739	-1.494883	-5.593601	4.519721	6.807329
137	2	-1.666915	-1.871858	4.038612	6.879508	5.948037	7.919926	-5.984723	-5.521387
138	2	9.763885	6.760076	-5.228869	-4.581256	1.015771	-1.173136	6.208257	3.697212
139	2	-3.550259	-3.167631	5.974184	7.114367	8.188527	7.600511	-1.784462	-1.412136
144	2	-0.711229	-4.096975	7.388965	7.614187	6.876535	4.726010	-3.075464	-3.168082
146	2	-6.704850	-6.068256	7.059300	5.257275	5.554566	5.382634	-3.557279	-1.944824
148	2	4.347732	6.732129	-0.908558	-3.554023	-5.844516	-2.601191	8.385335	6.156486
151	2	5.151943	5.432652	-7.708498	-7.593140	-4.742666	-1.802077	3.927237	4.849323
153	2	-1.251540	-6.812355	5.817236	8.106917	8.166584	4.332185	1.201778	0.201267
154	2	-6.429280	-5.165432	5.444082	8.321566	6.038675	5.717643	-6.235760	-0.842648
155	2	-3.796679	-2.749514	5.488863	9.334242	7.029521	7.330275	-3.871885	1.398733
156	2	0.888179	0.939453	5.022786	2.949973	6.944015	7.061549	-2.057316	-7.577752
157	2	6.541260	7.313374	-3.289962	-2.643806	-5.123664	-1.253373	7.593380	6.026553
158	2	6.820936	6.122863	-3.913101	-4.466911	-3.694911	-4.679760	5.973660	6.023151
159	2	5.123759	6.726335	-5.379327	-3.584263	-3.968071	-0.907809	6.229242	5.878617
160	2	-4.549719	-3.053196	6.472363	4.607016	6.100332	4.606886	-1.410875	-5.702672
161	2	-4.639413	-1.431722	7.879709	7.328624	6.233627	7.348953	-0.118068	-1.911008
162	2	9.149720	6.478127	-2.098387	-7.104854	1.041166	-2.496767	7.645575	6.149514
163	2	-4.214983	0.810968	7.619358	8.356493	4.973277	7.790624	0.199328	-1.770115
165	2	-4.303000	-2.115096	6.893637	7.689791	5.726212	7.817968	-3.956650	0.090213
167	2	5.269808	6.689461	-3.358897	-6.275316	-5.585306	-0.528724	8.064046	5.123441
168	2	-6.955638	-1.344633	4.483910	8.395178	4.906236	7.814806	-4.599406	-2.455171
170	2	5.126162	6.875601	-2.650736	-5.278515	-0.365541	-1.563228	6.212803	5.739513
171	2	-2.809368	-4.422089	6.989417	8.273069	5.280219	5.005040	-3.525691	-0.562479
172	2	-4.514865	-6.667895	6.023315	4.171217	5.988289	4.853171	-3.841029	-1.554287
173	2	-6.971507	-4.855029	8.967551	6.494812	5.385770	5.335390	1.378580	-3.177300
175	2	-6.160662	-3.418132	7.019575	7.742559	3.203070	7.531910	-1.177879	-3.370032
176	2	-2.818473	-2.393624	6.203651	8.501748	6.474912	5.716570	-1.590514	-1.338219
178	2	7.353881	5.832180	-1.297841	-6.472036	-4.711639	-6.340485	6.893492	5.202759
179	2	5.282043	6.620034	-5.160524	-4.000446	-4.667719	-2.255040	7.007087	6.834639
183	2	-5.833304	-3.024676	6.294925	7.382643	5.263179	6.490339	-1.119970	-1.843014
186	2	6.018893	4.479275	-2.795352	-3.080776	-3.367713	-1.894980	5.985867	6.116673
187	2	7.282282	6.020286	-3.333135	-6.520650	-3.242130	-1.564202	6.006903	5.846494
188	2	8.709629	6.944340	-1.408073	-3.550840	-0.517035	-1.946415	7.121295	3.579685
189	2	-2.587790	-1.887319	-2.247139	1.259886	-4.862649	-6.855616	4.072705	6.776524
191	2	-0.734040	3.083271	2.646978	-2.860271	5.719646	7.019206	-2.554496	-6.422562
192	2	7.992511	6.899257	-4.222288	-3.031599	1.442029	-0.867616	8.036275	6.669926
196	2	-3.742578	-4.271160	7.085773	6.785046	5.135714	5.972885	0.291558	-0.712144
198	2	6.745422	7.127858	-6.484962	-5.360980	0.792338	-1.187040	4.310536	5.943851
199	2	-3.951060	-7.143755	8.380805	8.594859	5.617895	5.176983	-4.756220	-1.613460
200	2	-2.776338	-2.149774	6.820670	5.661228	6.443229	8.119101	-4.149402	-5.777114
202	2	5.308301	5.722487	-2.851345	-5.679328	-5.513944	-3.918076	8.680221	6.268760
204	2	-5.579928	-5.119122	4.791498	8.298231	6.950186	6.270539	-4.347447	-2.004890
205	2	-1.285608	-3.195129	4.043093	6.098139	6.966035	5.839625	-3.809186	-2.914017
206	2	-6.253631	-6.251250	4.421092	5.354621	6.311688	5.170416	-5.452787	-5.799495
207	2	-5.987783	-0.419453	5.946598	6.093625	5.851873	7.170863	-1.479404	-5.669335
208	2	-3.504853	-5.637081	7.083014	7.056835	6.595396	5.938038	-3.375342	0.542241
212	2	-1.025118	-1.294794	9.489719	6.468790	7.175605	8.168183	1.318486	-4.111946
214	2	-1.452186	-6.795324	4.359084	5.354249	6.000972	5.327690	-1.629276	-2.666924
215	2	8.256753	7.460554	1.903009	-0.487463	-1.287304	-1.898105	7.338622	7.356190
216	2	8.175402	6.121734	-5.123107	-6.585124	-0.869107	-2.031668	7.452444	5.245470
219	2	-5.229408	-5.447633	7.023118	5.457254	6.266679	6.668649	-5.678264	-6.171999
220	2	7.035188	8.638655	-5.158883	-5.717411	-5.378421	-2.241852	3.321887	6.464758
221	2	3.915903	6.035799	-3.702415	-1.642308	-1.667577	-0.078552	5.799978	6.916328
223	2	-4.125153	-6.071312	5.898783	6.614108	7.364855	5.608329	-5.281428	-3.732706
226	2	7.196791	4.413813	-3.910737	-2.003424	2.108812	-4.229434	5.789961	6.206450
228	2	-2.462525	-8.131639	3.886403	6.768157	4.885072	3.950416	-2.575526	-0.553112
229	2	2.872955	6.661061	6.537566	3.160248	-3.386734	-2.422340	7.678838	7.452462
230	2	5.416044	5.652367	-4.399591	-1.436067	-4.185081	-4.076291	6.723297	7.536113
231	2	7.737479	8.607317	-1.423400	-5.032755	-2.274996	-0.433883	5.701065	5.646310
234	2	7.417719	6.388155	-5.102950	-5.052293	-2.686558	-0.899938	6.745974	7.023349
235	2	5.347499	6.098793	-1.033958	-3.643972	-4.542936	-3.509356	6.824775	8.194973
237	2	-3.473871	-2.146642	6.230652	6.600429	7.310468	3.430339	-5.593291	-1.093483
239	2	-1.933564	-4.723162	9.060916	5.017623	6.725015	4.087475	1.937658	1.665645
240	2	7.362990	5.836253	-7.332884	-3.259115	1.394655	-2.352599	5.035192	7.078512
243	2	6.427991	6.567208	-4.403849	-2.136588	-2.771619	-0.839364	6.129536	6.883438
245	2	6.806972	7.005499	0.411423	-3.390801	-3.700653	-0.998261	6.663823	3.952458
246	2	5.698261	6.930418	-6.975637	-3.336833	-4.027621	-5.360910	4.244783	6.480671
247	2	-6.811740	-0.822613	7.954391	5.744665	5.871716	6.627093	-0.551637	-2.995701
248	2	5.250987	5.140543	-1.951556	-4.744169	-2.450353	-4.042069	4.118173	6.108340
249	2	7.655043	6.799512	-4.474679	-2.221337	0.615688	-4.691923	6.437246	5.648153
251	2	8.495857	7.914676	-6.173518	-4.802893	-2.298537	-2.540130	5.193700	6.086434
252	2	7.078379	6.858149	-4.501626	-3.421246	-3.009986	-3.180365	8.176622	6.749703
254	2	0.637503	-3.737637	8.402565	6.001281	7.050712	6.953395	-4.342901	-2.959443
255	2	-4.651104	-5.872305	7.718346	8.137087	5.352050	6.112293	-3.216836	0.844840
256	2	6.534644	7.050158	-3.316556	-5.118719	-4.609282	-2.922351	6.309952	5.290201
257	2	-2.865950	0.281585	6.859774	4.537498	6.701347	7.618189	-1.667636	-8.495127
259	2	-3.906329	-5.151436	8.076133	7.515154	5.561369	5.788807	-1.834786	-1.443926
260	2	5.933776	6.392429	-5.005942	-6.078386	-1.187642	-2.685790	6.082829	5.890435
261	2	7.947936	7.544991	-3.407730	-4.479539	-4.406160	-3.593903	6.462537	5.700738
262	2	6.247790	6.478691	-0.607319	-5.424519	1.053079	-2.147244	6.637570	6.692953
265	2	7.326931	5.737095	-5.050625	-1.941424	-1.926994	-0.199497	5.194355	8.183962
266	2	4.951621	6.182520	-1.945466	-1.261343	-2.776426	0.841603	8.232860	6.154197
267	2	-5.410275	-3.802668	6.259908	6.419308	7.244730	4.957304	-6.742803	-4.920500
270	2	7.599959	6.257702	-5.845292	-6.532834	1.490561	-3.630692	3.879201	2.325278
271	2	8.884244	8.171406	-5.730580	-3.928108	0.400247	-2.085346	7.435243	8.010292
273	2	-2.048004	-0.676254	6.190871	6.609849	7.694983	5.896791	-4.974810	-4.046165
274	2	0.913889	-0.788955	5.791797	8.910914	8.040144	6.140458	-0.293214	0.152667
275	2	-3.242729	-4.044487	6.195360	7.813589	9.038315	5.511159	-2.680957	-2.043585
279	2	7.456057	6.620773	-2.636026	-2.429653	-2.214133	-5.835090	7.266719	6.124442
280	2	-4.750397	-8.229269	6.471660	6.771798	4.456258	2.823943	-1.043508	-0.680467
281	2	-0.205367	-7.978703	2.855043	7.267147	5.209574	3.622342	-5.224913	-0.071581
284	2	-6.540960	-1.810416	8.422750	5.180684	6.207267	5.238026	-3.106252	-2.686242
285	2	5.464855	3.020305	-5.797248	0.391302	0.075742	-5.047082	-0.063716	3.275769
286	2	6.628742	7.557535	-3.114036	-5.776323	-5.672927	-0.301778	6.936137	5.626847
288	2	-2.680087	-4.335566	9.021688	5.596863	6.703167	5.549878	0.491963	-6.578656
291	2	-3.744396	-4.067170	6.345989	6.383113	6.456088	4.546527	-2.333904	-0.208877
292	2	-3.749979	0.856062	5.885532	4.451135	7.274780	7.486975	-3.601246	-4.256873
293	2	6.837602	6.530268	-5.676914	-1.338577	1.064035	2.815674	4.620207	4.991272
295	2	6.397126	2.813943	1.011645	2.511507	-0.236150	-3.415480	7.325156	6.762582
297	2	6.584186	4.549249	-5.997385	-2.249531	0.685823	0.960799	-2.049267	-0.473540
299	2	-0.597219	6.258856	1.442249	-3.901868	-4.756958	2.293779	6.836536	5.405653
300	2	-1.436375	5.412273	8.097143	2.016511	-6.263691	-3.945991	9.019830	7.500745
301	2	-0.221118	-4.888793	4.867964	6.597928	7.170634	3.603770	-3.475085	-0.364829
302	2	-2.354429	-0.178271	6.370245	7.004080	5.308259	7.811318	-0.733135	-4.609352
303	2	6.288818	5.986053	0.699398	-4.515255	-0.309320	-2.534034	8.485511	5.051471
304	2	3.548075	5.110807	-2.817064	-1.226323	-3.503042	-1.009617	4.837806	4.632622
305	2	5.910280	8.452976	-2.978462	-4.560135	-5.767972	-1.794231	4.634874	7.729399
306	2	-3.708012	-4.368760	6.910175	6.355884	7.126912	6.649791	-1.513682	-0.722733
308	2	0.179143	0.727606	-4.906931	1.923683	6.246462	6.565315	-8.986485	-2.277896
309	2	-1.106072	-2.730736	6.570809	6.457665	6.961264	6.216660	0.053239	-1.121048
310	2	6.129569	6.278515	-5.282594	-2.757619	-6.412418	-1.778017	6.144663	6.654961
311	2	6.453796	6.207284	-3.340010	-3.133015	-3.385817	-2.606042	7.140293	5.893855
314	2	8.216359	7.291754	-5.208105	-4.028018	-2.189875	-3.137526	6.070550	4.597105
316	2	-4.591768	0.944306	7.711702	3.933550	5.177045	7.489056	-2.425069	-4.105320
320	2	5.921342	6.783944	-9.194596	-2.315838	-1.564192	0.888731	1.983066	4.282279
321	2	-9.085342	-5.463008	5.708910	6.632490	3.360404	5.296779	0.478974	-4.618582
322	2	-4.277697	-6.253674	5.697498	4.614498	5.137468	5.966617	-4.823910	-3.499184
324	2	-7.142828	-2.379698	6.290445	6.603521	-7.123596	0.512014	1.289081	0.789414
325	2	-6.287817	-4.242852	6.892335	7.553090	6.618001	5.344332	-3.122504	-3.376708
326	2	7.241197	6.439531	-5.373426	-5.190031	0.750234	1.771790	-5.354440	0.480069
327	2	7.196480	9.150315	-3.430283	-3.556249	-2.971804	-2.945319	6.782986	6.747750
332	2	-3.081297	-5.647342	5.526842	6.190877	6.696378	4.604261	-1.396865	-2.815205
333	2	6.195055	4.064362	-5.207653	-3.852158	-1.235122	-4.461559	3.706870	5.577124
334	2	-6.237062	-2.725688	5.527142	6.756043	6.408697	5.610668	-4.240626	-4.530045
335	2	5.919481	7.205461	-1.956995	-6.062888	-5.598222	-2.626389	6.194448	5.788540
338	2	-0.333096	-6.521786	7.411333	7.160729	8.760350	5.692602	-3.956635	-3.973015
340	2	8.051657	5.702803	-3.156850	-4.129706	-4.498411	-5.549182	6.368356	7.364249
341	2	-4.433590	-6.295430	5.971860	6.571401	5.594860	6.031539	-2.431751	-5.394960
343	2	4.286806	6.249018	-1.449603	-4.998742	-6.745434	-2.111166	5.982554	5.861043
344	2	7.137785	7.381154	-3.205945	-2.782189	-3.590569	-3.549128	5.746459	6.797121
347	2	7.558595	7.037185	-4.463212	-7.642182	-3.335547	-4.003640	6.424075	5.003938
348	2	-1.587198	-6.778092	5.298084	6.390763	6.594441	5.442750	-3.942034	-2.017435
349	2	-0.552475	-3.149629	6.888615	6.247955	7.560697	6.537442	-5.262527	-4.970435
352	2	6.345043	6.546748	-1.952147	-0.176618	-5.662155	0.974266	5.848061	7.053556
353	2	5.708415	8.703350	-5.317080	-5.689184	-2.275907	1.800005	5.953154	6.587494
354	2	-4.838866	-2.899159	6.693688	7.397730	4.863043	7.019187	-2.829455	-0.999709
355	2	6.301957	6.381021	0.542906	-2.068605	-3.771121	-0.990975	7.959714	5.376737
356	2	-4.711704	-6.420629	6.840020	7.474941	5.194211	6.090917	-3.660015	-1.989815
358	2	7.691848	6.916054	-4.092383	-6.117478	-3.452671	-3.105523	7.890812	6.049002
359	2	-2.779631	-4.646562	6.070313	6.120200	7.329064	5.976398	-5.094229	-4.219392
360	2	-2.795637	-5.412138	6.936447	6.477373	5.543070	4.964262	-1.415008	-3.645025
361	2	7.319620	6.109758	-1.132934	-5.280370	-4.904696	-5.083747	7.276058	6.548438
362	2	6.852370	6.634659	-1.603230	-0.918422	-0.074224	-4.877600	6.050902	5.411306
363	2	6.612895	5.615036	-3.861628	-2.662029	2.294126	3.007127	4.839626	6.841969
364	2	4.345135	8.391412	-4.367050	-0.933823	-3.421950	-1.943707	3.418567	5.160587
365	2	-3.905608	-6.280522	8.837707	6.105869	7.324705	5.029413	-3.124231	-0.621236
367	2	9.044598	7.600150	-5.618934	-4.987552	0.218260	0.769835	4.589650	5.709007
369	2	6.772960	6.804977	-3.958721	-5.808581	0.258936	-0.848045	4.872420	4.506758
370	2	-8.066441	-4.221914	5.825566	5.581057	3.315643	5.494016	-0.675291	-4.312071
371	2	6.305800	6.439962	-5.164954	-6.432799	-4.956302	-5.122263	5.064971	6.047315
372	2	4.546978	5.489446	-7.113242	-5.856773	-6.096453	-3.498041	3.551349	5.848869
373	2	3.743291	6.641751	-7.084689	-5.078131	-3.709858	-2.381141	4.176107	7.484453
374	2	0.002682	0.282188	4.118080	7.598277	6.908550	6.552151	-6.005897	0.855043
377	2	6.124435	9.006002	-5.397248	-1.225930	-5.918295	-0.741736	6.514763	8.941183
380	2	8.335310	7.081102	-3.385329	-6.478390	-0.374806	-0.290540	8.335635	4.978553
382	2	-1.758823	-5.015019	7.155343	6.487291	8.013545	6.639103	-3.178069	-5.208673
383	2	-1.738683	-5.152977	5.173464	4.823338	6.758431	4.384603	-4.399156	-3.302905
384	2	-4.867553	-3.268007	7.987558	7.241229	4.818732	8.527889	1.241500	-3.495136
385	2	-3.684016	-4.526155	6.579819	5.088011	6.725243	7.142304	-5.916788	-3.959378
388	2	4.722775	7.012575	-0.257186	-6.336046	-1.023485	1.408788	5.441850	5.117135
389	2	-4.561092	-5.476983	6.832352	6.664413	7.808162	6.158583	-4.716462	-5.162488
390	2	2.109959	0.837160	-2.642237	-0.737736	4.077503	5.499798	-3.919276	-4.600248
391	2	6.302686	7.576981	-4.226509	-3.780264	-1.255116	-2.940453	6.041075	7.179562
392	2	2.896624	6.214462	-2.046938	-1.860860	-8.732625	-1.592060	4.519486	7.998371
393	2	-5.738750	-2.576900	7.745037	7.110887	6.321616	7.073949	-1.821471	-3.454853
394	2	7.501670	6.806682	-5.074963	-0.505703	-0.907523	-5.892724	6.788562	7.250462
396	2	8.276618	8.193870	-4.465821	-2.419680	-3.264747	-0.946169	6.556954	6.357220
397	2	-3.430904	-4.294477	6.453617	5.082240	7.458164	6.322441	0.286896	-5.599934
398	2	-0.758404	0.902882	6.579226	4.146612	8.129951	6.143688	-4.178821	-7.951252
399	2	6.187377	6.129017	-2.187806	-2.408011	-1.415447	-4.598474	4.555237	3.777916
401	2	-3.858436	0.215543	7.510868	0.126819	6.793401	6.592656	2.680997	-2.139067
403	2	7.023697	4.520780	-4.519301	-7.324815	-5.047369	-4.869377	6.748684	3.567019
404	2	6.180788	5.370852	-1.487549	-1.883413	-4.531494	-7.432747	6.332776	6.518503
405	2	-5.566384	-4.603945	8.668375	6.305493	7.202290	6.249121	-2.746544	-2.906753
406	2	-2.656405	-2.312352	7.401594	9.077305	6.864308	5.144552	0.965713	1.535990
408	2	8.330465	7.805773	-2.096416	-1.687680	-4.130087	-2.741189	6.864614	7.852537
410	2	7.588919	7.172009	1.219417	0.316368	-0.650609	-5.878091	7.277478	5.700594
411	2	2.330712	-4.887083	4.357636	7.161654	6.936487	1.299870	-4.355255	1.934978
412	2	-1.817158	1.489582	8.928468	7.272822	5.327595	6.138753	0.943516	-2.118400
414	2	8.391633	6.051630	-4.173235	-5.711608	-2.315347	-2.912864	5.727264	6.720026
415	2	9.257585	8.247071	0.454020	-4.100319	-1.456682	1.598476	6.183435	6.458118
417	2	-5.057427	-5.087443	8.609071	6.724642	6.334130	6.023275	-1.781045	-3.551379
418	2	-2.073665	-6.448683	8.118663	6.574311	8.147934	5.507493	-1.839046	-1.729456
419	2	-2.193448	-5.746593	5.670270	6.911288	5.950960	4.567541	-6.608444	-2.229179
420	2	-4.325388	-2.622368	6.965946	7.326045	5.820078	9.233919	-3.785030	-2.332979
422	2	7.836406	7.608401	-1.567752	-0.977248	-2.481828	-5.206671	8.264878	7.829680
423	2	-5.710951	-6.557477	7.620605	7.072483	6.968998	5.714434	-4.875161	-5.689819
424	2	1.353052	0.779544	3.803294	6.399829	7.396687	6.580687	-4.321926	-1.279576
426	2	-5.199430	-2.322382	8.307325	5.425724	6.291803	6.332347	-0.036099	-2.689487
429	2	-4.189683	-6.126852	8.232031	6.890945	6.679192	4.632993	-1.717444	-3.791005
430	2	-6.788755	-2.438282	6.408226	7.286471	4.269737	6.081910	-2.940922	-3.636645
431	2	4.908490	8.569741	-8.506650	-2.900636	-5.927109	-0.017773	3.723007	5.528616
433	2	8.118920	6.906541	-5.855732	-5.469025	0.212000	-3.582464	6.145012	7.383003
437	2	-7.222749	-4.301855	7.101859	5.297074	5.067623	6.331667	-0.788153	-3.569606
438	2	-2.976286	-1.631000	8.048598	6.480375	7.089351	8.454776	0.099673	2.684294
439	2	6.551477	5.931067	-3.294527	-4.083280	-1.034016	-3.151382	4.075580	4.674700
441	2	7.704424	7.236997	-6.142851	-3.139234	0.313776	-2.688506	4.103665	6.020092
443	2	-6.399785	-6.717869	6.343486	7.571717	5.782090	5.757865	-1.114386	-4.393869
446	2	-0.425482	-4.591430	-0.619849	-0.311464	-6.568913	-9.403047	5.226065	5.850162
447	2	6.265801	6.388677	-1.572212	-0.422968	-4.669358	-0.100759	7.405689	6.853922
448	2	-2.987212	-4.986397	5.826761	8.141214	5.616183	6.083527	-3.132679	-4.386383
449	2	-1.345941	-4.809281	3.365421	5.419169	6.152592	6.107679	-9.517133	-1.457039
451	2	6.587057	5.528467	-3.483870	-6.290643	-0.074522	1.808704	4.565107	3.588876
453	2	5.755210	5.716726	-2.693257	-0.984760	-5.753165	-4.585011	6.401346	6.599014
454	2	4.888135	3.761587	-8.638156	-0.416536	0.966640	-2.137376	-1.485406	0.901565
455	2	-7.318003	-0.789681	7.075611	8.031688	4.575430	7.222079	-1.951864	-2.765246
456	2	-3.776238	-3.343947	8.742776	7.678621	8.122050	8.059594	1.124411	-1.313970
459	2	-5.389750	-2.901936	6.901152	5.875546	6.399411	8.992271	-3.818602	-4.652180
460	2	-8.527899	-3.603228	7.284708	7.701322	3.919632	5.682184	-2.504370	-1.384991
462	2	3.791231	4.678387	-1.678899	-2.102892	-5.553047	-5.083544	6.885943	6.178456
465	2	5.800441	7.752964	-2.255262	-3.297060	-1.505589	-2.468317	5.321281	8.682080
466	2	-0.578692	-0.888802	6.445137	8.727689	5.335385	9.106993	-0.932235	-3.054149
467	2	-2.672755	-4.040309	5.996547	7.378359	5.142771	7.845852	-5.604995	-4.892571
469	2	7.424159	7.291227	-5.049686	-3.963107	1.958749	-0.637270	5.101804	6.183913
470	2	-4.550860	-3.914605	8.697237	5.490267	6.636079	6.623488	0.630495	-5.785906
472	2	6.760383	1.395442	2.066997	8.791413	1.344039	1.173260	5.536659	9.359440
475	2	-2.991228	-0.977955	6.835073	7.956763	5.464492	6.609023	0.241981	-3.013564
476	2	5.417783	7.392584	-7.114519	-5.614202	-2.511364	-0.164818	4.607535	6.395405
477	2	-1.528952	-2.913937	7.101741	6.636208	6.886454	7.179076	-5.433378	-1.888281
478	2	6.438368	6.121613	-3.645432	-5.667177	-0.851125	-2.883607	7.323416	6.782620
479	2	-1.730371	-4.840201	6.489606	6.680268	4.373668	5.926717	-2.911993	0.087780
480	2	6.170860	8.154590	-2.706146	0.041116	-2.034816	-3.355578	6.199881	8.878507
483	2	-2.362778	0.005891	0.265517	-1.263167	-8.305747	-5.090848	6.659002	4.266687
484	2	6.736241	4.943401	-7.434602	-4.209391	-0.911905	-5.527255	4.832411	7.422045
485	2	-8.088586	-6.385155	6.382004	8.421566	4.720242	5.334206	2.490406	-1.114026
486	2	7.333613	7.655453	0.295707	-6.436902	0.359103	2.018880	7.355457	2.971215
487	2	0.217212	0.425172	-3.553213	-0.309377	6.209616	6.069129	-9.107462	-5.345980
489	2	1.363482	1.667713	-2.548404	-1.342661	6.350944	7.945249	-9.672740	-3.389312
492	2	-1.907379	-6.025961	7.257148	7.994612	4.065375	5.432790	0.377847	-0.659175
493	2	3.499666	8.387366	-4.573805	-1.413071	-0.692627	2.316564	3.449233	4.645750
497	2	-1.457147	-4.805946	7.720662	6.431903	7.147009	5.150070	-4.974294	-4.536610
498	2	-5.465354	-4.167899	7.407126	6.705387	5.749927	7.468096	-0.136244	-1.897952
499	2	6.656093	6.960990	-2.385946	-1.687906	-2.096757	-3.721547	4.334053	5.712351
501	2	-4.781182	-2.902648	7.020590	7.904893	6.373515	5.079500	1.416498	0.922461
504	2	-4.367987	-5.970509	7.439276	7.310022	6.377326	3.659201	-3.874312	-2.141586
505	2	-3.515320	-6.411708	8.897659	6.645348	7.559517	5.193486	-0.801959	-0.791421
506	2	-4.265085	-3.445876	6.787531	7.638774	6.868236	6.922637	-3.893841	-3.608525
507	2	-1.030523	-6.127282	7.006746	7.016487	6.655790	2.609869	-2.586966	-0.806098
508	2	6.317836	6.715016	-1.861730	-2.285373	-0.967908	-5.309578	7.200892	6.377526
510	2	-4.722294	-1.517382	6.476302	6.866182	7.332048	6.059490	-3.541858	-3.817481
511	2	7.163880	7.247526	-5.643142	-3.248865	-1.876769	-0.267607	6.054096	7.521683
513	2	-2.216447	0.615150	8.490873	7.834239	7.106180	7.651062	1.814889	-3.014908
515	2	-5.602317	-3.279214	7.053601	7.360307	6.297663	5.729918	-3.914036	-1.485771
516	2	-4.324441	-2.362993	4.374492	6.680627	5.758945	6.884686	-8.429514	-1.991491
517	2	5.561204	7.059499	-5.169960	-3.209141	-1.117008	0.030470	4.540349	6.966690
519	2	-1.749817	0.798554	9.034585	6.481552	5.740573	6.406014	-2.992758	-0.960733
520	2	-6.401904	-6.371216	5.255642	5.388575	6.084176	5.333720	-3.048743	-1.222029
521	2	0.794844	-1.867615	1.588992	6.140134	6.925648	7.971379	-1.599987	-0.141756
522	2	8.160235	5.496686	-3.618445	1.521247	7.693899	2.244647	0.530618	5.322582
523	2	5.646276	6.717526	-4.414732	-5.645331	-2.990922	2.482250	2.609833	6.746182
526	2	4.696465	7.256064	-6.047897	-8.763524	1.313299	1.440633	0.354235	-2.816312
527	2	8.583578	7.398148	-2.456843	-0.949944	-0.938791	-0.290909	7.066377	5.492990
529	2	-1.342964	-2.877716	8.525260	6.762108	7.304880	6.281665	0.915568	-1.148749
530	2	6.195785	7.919736	-4.857572	-6.668720	1.456104	1.438237	0.200373	-0.660717
533	2	7.197815	8.067826	-5.572165	-0.742219	-0.582788	-2.422610	6.736256	7.987974
536	2	7.017332	5.632274	-3.083109	-1.482990	-2.939172	-3.080397	4.855300	6.792547
537	2	1.078477	2.960659	4.864269	1.381955	3.840682	6.111108	-0.165275	-6.147749
538	2	7.328772	6.395277	-6.316275	-2.699237	-2.219821	-3.163395	6.867064	5.538202
539	2	6.799346	7.348256	-4.097278	-5.242670	-2.070272	-3.169491	6.405019	6.437225
540	2	7.006146	3.862007	-1.926454	-4.929955	-4.108468	-4.742012	8.193775	4.037804
542	2	5.540925	3.875690	-3.443584	-1.494595	0.149893	-4.007816	5.501075	6.455438
543	2	6.740651	7.537501	-3.081828	-4.949239	-2.940404	-4.417843	4.853220	6.370906
545	2	9.749304	7.329486	-1.156280	-4.494927	-2.603193	-3.593663	6.850962	4.855321
546	2	6.376149	4.292434	-7.137430	-2.906157	1.575146	-1.698475	4.219047	7.431927
547	2	-4.565604	-1.092454	7.667197	4.929649	4.889856	6.114394	-2.008881	-2.697837
549	2	5.776105	7.396442	-1.722569	-2.578507	-0.461464	-1.682445	5.647452	9.688652
551	2	-4.687626	-5.041490	6.678440	7.107634	5.620719	3.787237	-5.127868	-2.352503
552	2	8.614960	6.678658	-2.426716	0.123552	1.389763	-3.879745	7.007183	6.549621
554	2	2.658923	5.860552	5.891706	0.511320	-2.864641	-0.941878	8.096582	5.859166
555	2	8.852016	6.868518	-3.630125	-0.979087	-1.443012	-1.384107	6.110069	8.163628
557	2	6.932976	6.105430	-3.767017	-6.427033	-0.023181	1.070903	7.068895	5.601336
559	2	-3.844568	-2.237666	6.092336	7.041528	5.056697	6.414325	-2.666805	-2.323201
561	2	7.393850	5.772757	-1.834816	1.566289	-2.440826	-6.217872	4.477714	9.038079
563	2	6.599449	4.359166	-2.327411	-1.851096	-2.954805	-5.302682	5.644590	6.225767
564	2	-7.197958	1.834441	5.782680	1.941162	1.483491	5.561364	2.134655	-1.813378
566	2	-1.212321	-3.264674	8.372375	4.694321	8.359480	6.022732	-2.391478	-3.802248
567	2	6.499563	6.436131	-2.391413	-6.643870	-6.424888	-5.512787	6.715227	5.336188
569	2	2.516512	0.308422	0.135601	2.434811	5.633463	5.769234	-5.233031	-3.196193
570	2	-0.451621	-7.817613	4.657398	6.149069	6.885709	4.582070	-7.108613	-3.899874
571	2	-6.895892	-5.087582	6.181911	6.071186	3.230349	5.166328	-0.103584	-3.497418
572	2	-7.518704	-4.513481	6.187602	7.819680	4.165332	4.608110	-5.501712	-1.603416
578	2	5.017209	8.873632	-0.089583	-2.812171	-8.002700	-3.723365	8.065688	6.425184
579	2	6.943424	7.224694	-0.434320	-5.543222	-3.315011	-1.282549	5.079235	3.988497
580	2	-8.060465	-2.237134	6.919136	7.036171	4.301234	8.810587	-0.851310	-2.862438
581	2	6.386910	6.189450	-1.139444	-5.811386	-4.553915	-3.943055	7.675299	5.878267
582	2	7.104079	6.037987	-7.097726	-3.880114	1.079684	-3.521433	4.526841	8.072711
583	2	6.432040	6.941706	-3.613392	-2.514243	-4.659288	-1.390280	8.280283	6.504319
584	2	6.938588	6.107220	-1.682854	-4.363002	-3.572163	-6.379105	7.328759	6.400458
586	2	6.794710	7.222795	-3.972220	-6.489577	-5.315530	-2.901345	4.468835	5.430565
587	2	-2.875113	-6.121445	6.978454	6.204998	5.681662	5.463208	-3.755674	-0.435617
588	2	-5.241548	-6.221051	6.261337	7.342204	7.285598	5.202047	-2.662404	-1.926134
589	2	7.829101	6.842875	-3.699203	-8.649075	-2.900178	-2.269129	6.780033	2.640023
590	2	-4.138445	-2.435113	5.573065	8.112289	7.494045	6.883290	-5.283611	1.322711
591	2	6.215783	8.219941	-6.522245	-4.748372	-2.418586	-0.915883	4.236468	4.582971
592	2	-5.247555	-4.337735	6.611430	6.993095	5.856447	6.538984	2.376976	-1.559874
595	2	5.666633	7.573761	-5.205789	-3.786884	-5.177915	-5.382454	5.622140	7.689651
596	2	7.805897	7.070290	-2.496606	-2.226150	-2.500685	-1.537324	8.470124	7.348014
597	2	6.109404	6.819743	-3.052948	-2.209220	-4.274500	-4.614879	5.129208	8.221181
598	2	-3.509145	-3.577990	7.518087	6.722959	7.755791	6.985927	-4.026618	-3.942957
599	2	5.428218	8.649753	-1.218420	-4.637328	-6.243665	-0.022556	6.696184	7.308846
600	2	-1.446951	-4.706516	6.846409	7.443794	8.597770	6.145366	-5.596478	-2.057944
601	2	-3.799607	-3.027113	6.934806	4.996951	4.136832	6.732115	0.640329	-3.409885
602	2	7.298927	3.294988	-4.813841	-0.554543	-1.047318	-7.010729	5.620495	3.644687
606	2	-5.227622	-4.161546	7.643518	7.986769	5.917654	8.206655	-2.344164	-3.859266
608	2	6.574743	6.900714	-6.698172	-4.988862	0.731732	-0.813951	0.276051	6.148941
609	2	-2.690165	-0.921902	5.226799	7.346795	5.422962	5.549315	-7.356249	-0.261489
610	2	-2.306187	-5.572026	4.651264	5.807523	6.791780	6.903180	-7.351476	-7.276393
612	2	7.713747	6.581956	-4.292400	-3.699065	-3.216718	-3.240171	6.772519	6.972380
615	2	0.427780	-0.621513	5.354088	5.739801	7.148170	8.509990	-6.205141	-4.825221
617	2	-3.259837	-4.022950	7.938130	3.699014	5.892018	6.444844	-0.371061	-8.661538
618	2	7.178719	6.276216	-1.056174	-2.020954	-0.261247	-2.445230	5.206884	6.271931
619	2	4.988748	7.351115	4.246510	0.589813	-2.313813	-2.914713	6.647948	6.107485
620	2	-2.314637	-2.779168	6.470758	7.392000	6.771297	9.055003	-6.363370	-4.419641
621	2	8.305273	5.743973	-6.692039	-2.013753	0.480249	-1.010678	5.743019	6.136880
622	2	4.313722	0.121489	5.516831	7.050438	8.859537	7.448127	-3.330090	-1.187283
623	2	5.477980	0.878753	-7.462086	0.718483	1.294805	-2.124117	4.776203	6.460232
624	2	-4.062109	0.062797	6.883525	5.566255	6.343660	6.665795	-0.377761	-2.576561
626	2	9.285015	7.563892	-4.179505	-5.709299	0.886797	-0.625686	5.007540	6.687034
630	2	1.558420	-3.376676	9.013210	7.201009	7.867359	7.665676	-0.415985	-2.556240
632	2	-7.452754	-7.765167	6.126641	7.891097	0.012845	3.498599	0.195072	-2.382898
633	2	-3.994763	-5.903912	8.159737	8.087173	6.835657	6.085200	-3.993576	-2.978642
634	2	5.534914	5.912748	-4.793569	-4.161986	-1.550626	-4.615635	6.831524	6.680576
638	2	-7.480451	-0.650855	7.318938	9.187917	4.334794	6.430655	-2.415256	-1.067314
640	2	-3.023369	0.117549	6.567265	4.917002	6.678032	7.726366	1.776409	-6.769944
642	2	7.289282	5.272846	-7.379051	-0.213372	-2.281275	-5.937600	4.266690	5.683935
643	2	7.262534	6.350684	-3.815118	-4.256359	-3.455100	-5.673029	5.602006	6.163481
644	2	6.359748	7.497488	-5.761146	-4.466067	-2.252891	-5.237207	3.919052	7.301070
647	2	6.804090	6.315097	-2.254615	-6.164369	-4.598716	-3.004963	5.936572	4.854659
648	2	-3.259051	-3.936586	6.721795	6.737386	3.983010	6.778589	-1.455410	-1.472057
649	2	7.636509	7.541836	-6.035109	-1.659186	1.025086	-0.121934	5.523560	7.913361
650	2	4.489751	8.444649	-5.391445	-5.858827	-1.802509	2.771306	6.069472	3.905022
652	2	-3.981520	-3.339189	8.669114	6.011992	5.869754	6.254447	-0.165377	-5.527714
653	2	-2.451417	-6.548390	7.626369	7.055442	6.777758	6.431505	-2.711412	-0.018165
654	2	5.245881	6.474768	-3.824283	-2.378744	-0.461972	1.165757	5.918986	6.018809
655	2	-1.378958	-7.650621	8.958907	6.843463	6.575264	4.920228	1.251525	-2.724683
658	2	-5.914639	0.951041	7.184575	6.870104	3.479441	5.501429	0.957556	-4.631304
659	2	-4.228487	-3.018846	4.462174	5.526663	5.289775	5.041824	-6.837458	-2.563712
660	2	7.914691	5.898640	-1.281829	-1.340243	-5.142698	-3.995009	7.847588	9.289940
661	2	-2.119829	-2.759020	8.462045	6.862406	5.806316	5.897699	0.004197	-1.519491
662	2	0.107058	1.215578	7.650252	9.247239	6.792999	6.473905	-2.855337	-2.700830
663	2	5.786208	7.329685	-5.058205	-2.606847	-3.283114	-3.722221	5.227739	6.912842
664	2	-4.020983	-7.219921	7.518498	6.765768	8.282286	4.920386	-4.338956	-4.249531
665	2	-6.193835	-5.914882	5.129020	6.274577	5.048734	6.009020	-3.609641	-3.806048
666	2	-3.887468	-6.379904	9.062887	6.528065	7.207064	4.681741	-1.956049	-2.655687
667	2	0.204938	-2.907087	7.372166	7.172927	7.452175	3.619670	-5.011141	0.698884
669	2	6.682093	6.258746	-2.996160	-7.284389	-4.162558	-0.371832	6.958984	4.222928
670	2	-6.392428	-6.118816	3.309070	5.667424	5.210977	6.847037	-5.880975	0.566088
672	2	6.766816	3.942723	-4.526701	-4.155039	-3.632591	-4.255272	6.495461	4.678393
673	2	-3.100909	-4.169153	6.310324	6.341324	5.192466	5.407422	-4.253018	-1.635846
677	2	5.645113	7.173395	-2.610991	0.755107	-5.305786	-4.275758	7.303291	6.177726
679	2	-4.398251	-2.047185	8.223736	6.667586	5.419047	7.913461	2.271243	-2.135337
680	2	6.453697	7.385061	-1.736436	-1.801692	-3.417623	-4.064523	6.114593	8.223204
681	2	6.602388	6.245927	0.574630	-7.076997	-0.923624	1.738975	8.308693	5.146255
682	2	-7.375345	-3.133431	6.990488	7.311165	4.786572	6.631193	-0.271971	-3.373651
683	2	3.246601	-0.803829	0.163091	0.485722	-0.963554	-6.393331	7.075265	6.976680
684	2	6.698815	7.525697	-8.231791	-5.736013	-1.877603	-1.595431	2.256056	5.154362
687	2	-1.255007	-2.858265	7.299475	4.451429	7.365231	5.033370	-2.348523	-1.855420
688	2	-2.193611	-6.245410	7.257787	6.463274	6.372370	4.873080	-1.366598	1.054092
689	2	-0.204326	-4.682599	6.732902	7.838193	8.098830	5.132170	-5.753758	-3.333245
690	2	-2.851533	-7.271672	5.294393	5.930846	7.259435	3.317184	-4.631364	-2.201245
691	2	-4.047429	-2.620630	6.834823	8.202159	6.082733	7.247765	-4.023213	-3.581031
693	2	3.463283	4.740913	-4.434927	-4.628225	-4.002018	-3.556588	6.919893	7.353186
695	2	7.224072	5.712520	-1.863913	-3.054875	-3.511530	-7.211402	8.591154	8.798640
696	2	5.485507	5.436842	-1.366044	-1.842802	-6.131429	-4.366383	7.221172	5.759762
697	2	-3.941690	-1.537337	7.317538	6.186652	6.087448	9.449458	-4.360472	-5.276434
698	2	5.775684	7.669968	-4.399700	-1.757954	-1.899512	-1.233053	4.428904	7.204482
701	2	8.211431	7.850557	-2.793740	-3.942211	0.133604	1.802319	9.053746	7.828911
702	2	-1.983687	-2.369851	5.647044	7.661449	6.478583	8.826689	-6.235564	-2.117912
705	2	6.858764	6.920371	-4.407767	-2.971841	-1.148589	-2.985456	4.676165	5.494993
706	2	-5.906996	-3.428370	8.033158	3.889027	6.764647	7.447668	-1.366895	-6.466070
707	2	-4.283820	-5.893949	6.172457	5.911025	6.713468	6.341904	-6.049612	-6.291218
708	2	-4.055279	-4.010307	7.531800	6.055533	6.550170	7.036377	-2.044989	-5.793781
709	2	-2.627666	-4.303444	5.342365	6.152942	4.855031	6.306389	-2.022233	-2.242004
710	2	-5.484744	-5.533264	7.324354	7.503514	1.147138	7.035779	2.200818	-1.493034
712	2	7.783951	7.524504	-5.199087	-3.673137	0.545880	-5.141166	5.452436	7.398415
715	2	-3.195702	-3.758158	6.928573	7.515076	7.650472	7.032228	-1.193493	-1.538869
716	2	-3.608593	-5.244386	5.941935	8.373929	6.711769	5.957254	-6.337029	-0.103033
718	2	6.449694	4.715343	-6.244766	-3.263832	-1.336050	-6.825159	4.169880	5.876756
719	2	-2.250187	-3.233793	6.686689	5.457179	6.726121	4.045034	-5.498409	0.157089
720	2	6.259799	7.886667	1.936322	0.541076	-5.141487	-1.939662	7.967282	5.361334
724	2	-8.879126	-4.067295	4.680318	7.642189	3.507342	6.174551	-3.412390	-2.321167
727	2	3.512800	1.502236	7.622345	6.000319	-0.359389	-3.902449	8.208562	6.124771
728	2	7.297096	9.367170	-5.680305	-7.459851	-4.985594	-0.357541	6.258912	4.840900
729	2	5.888198	2.766855	4.100144	4.695657	-3.116279	-2.037370	7.289510	5.779431
732	2	-2.970103	-0.215076	7.345879	6.225913	5.578073	7.163534	-1.699276	-6.067127
734	2	6.431987	7.098646	-8.891950	-4.090105	0.157464	-2.254814	2.403740	5.224083
735	2	-3.924866	-3.167955	6.858630	5.984357	3.279005	7.422529	-0.490936	-5.860374
737	2	2.422196	-7.184916	5.867830	7.667565	4.832102	1.149677	-0.916964	1.438699
738	2	-6.960813	-3.208388	7.048254	7.768125	5.714920	6.535281	-0.450855	-1.686849
739	2	7.509462	8.110160	-8.861245	-5.181999	0.392608	-2.717520	3.907796	6.609919
740	2	-1.366551	-1.317198	5.701003	5.808364	6.147013	8.168567	-1.915799	-2.578185
746	2	6.932057	6.595742	-4.085985	-6.119820	-4.002177	-2.292916	6.637044	5.599572
748	2	6.498500	8.067419	-7.607609	-2.218391	1.162962	1.470280	-3.651681	1.697576
749	2	4.979302	7.528782	-3.069942	-3.670829	-4.431833	-2.335432	5.367550	5.988963
750	2	6.553079	4.483581	1.172792	0.333546	-0.163990	1.149333	6.242949	6.952141
751	2	-3.117615	-0.144057	6.637260	4.525370	3.363722	3.876694	0.302810	-5.794813
754	2	8.835113	5.575941	-0.868888	-1.974451	-1.964456	-5.234842	7.486968	7.807247
760	2	-4.782539	-4.088802	6.417107	6.315736	5.836090	7.467707	-1.358468	-0.824836
762	2	5.910368	7.835857	-3.545405	-3.753642	-2.994035	-3.262930	5.909466	6.772733
763	2	-2.680764	-4.214039	4.964361	6.438590	4.936615	6.666509	-5.820622	-5.225901
764	2	-4.918562	-3.935761	6.360019	6.882337	5.116544	6.290006	-1.550684	-3.395457
765	2	5.554946	7.178873	-2.553439	-3.608357	-6.598381	-1.797258	4.679610	7.436380
766	2	-4.630272	1.568980	7.536592	2.754187	5.677771	8.083838	-1.941287	-8.333139
768	2	8.747816	7.174331	-4.117481	-6.684707	-2.412110	-2.454817	4.979906	5.030849
769	2	7.143248	4.697131	-7.020840	0.112573	-0.456636	-0.945812	5.098535	8.411218
774	2	7.026426	7.939103	-3.929740	-5.201848	-0.906320	-0.976987	5.222892	6.697375
775	2	6.944551	8.221573	-5.663933	-2.333793	-1.263762	0.309700	6.362631	5.565970
777	2	6.870064	7.219452	-6.002408	-2.408276	-2.000930	-4.037672	4.460158	6.893965
780	2	4.593565	6.101844	-5.154747	-4.015473	-3.062168	-4.397895	4.677131	7.899442
781	2	-3.166577	-2.507306	7.882989	7.150244	7.169791	6.629183	1.344723	1.447407
782	2	5.566657	7.071949	-5.329530	-3.201867	-4.836242	-0.047428	4.915642	3.296349
783	2	-1.201485	2.742432	8.390170	6.152693	-0.799582	5.265820	2.426814	-1.761356
784	2	-2.505171	-6.244657	5.947958	6.169105	7.036523	4.424749	-3.152681	-0.484100
785	2	0.498860	-4.464638	5.944394	6.580821	8.443420	7.057734	-1.186800	-0.173309
786	2	7.784381	6.222479	-3.161119	-2.762457	0.495238	-3.393053	6.695241	7.692617
787	2	-5.006759	-4.557278	6.229857	5.646530	6.144119	5.879985	-4.386041	-2.814645
788	2	5.766735	5.638778	-3.110012	-4.608414	-5.050053	-3.245962	5.596993	8.059448
789	2	0.674004	2.749435	7.130957	6.245753	5.091428	6.861659	1.867119	0.143541
791	2	-1.732988	-1.551555	7.865873	4.308381	7.596603	5.727790	-2.338409	-7.707598
795	2	7.979340	5.671140	-1.121118	0.534421	-2.728688	-5.441589	5.952341	7.622793
796	2	3.788315	7.714953	0.647368	-4.312909	-5.263167	-4.983475	6.933035	6.507473
797	2	1.242226	-1.160977	5.060352	6.344328	7.171471	4.547647	-6.171843	-0.180654
799	2	7.050580	7.461524	-6.320207	-4.877433	-1.604775	-4.395487	6.662518	7.058394
801	2	4.368330	7.249184	-2.310029	-3.466505	-5.386639	1.938384	4.760700	3.791755
803	2	-4.401523	-2.445590	6.994159	7.068489	6.849963	7.667520	-1.615882	-5.224915
804	2	-4.253488	-2.421664	4.908218	3.101887	5.920801	7.193264	-3.503038	-3.429753
805	2	-3.774086	-5.373337	6.865583	7.015849	7.399626	6.496212	-2.968177	-3.225570
806	2	-5.071094	-2.815728	8.732333	7.285607	6.263814	6.628030	-3.509333	0.126074
808	2	5.061226	8.502238	-1.869304	-6.136203	-4.910735	-2.074467	8.148157	5.217183
809	2	-7.219791	-4.308597	6.235778	9.118580	4.459203	6.021004	-3.985914	-0.514485
810	2	6.154804	9.678963	-6.979875	-4.656630	-3.252450	-1.215468	5.040240	6.023325
811	2	-5.142317	-5.347149	5.157656	7.222212	6.766331	6.694575	-1.567845	-0.744327
812	2	7.648874	6.966539	-5.934285	-7.083544	-0.756278	-2.730902	7.070559	5.636765
813	2	5.874149	5.149049	-2.638835	-4.968489	-3.358367	-0.756360	5.785519	2.962873
814	2	3.367124	6.316264	0.461270	-0.362594	-6.082780	-5.011416	7.180156	5.869434
816	2	1.454551	-4.126192	5.067212	8.193450	5.380565	6.728323	-6.288989	0.367486
817	2	6.750806	6.498725	-3.146951	-1.935775	-4.403995	-5.159132	6.498570	6.880163
818	2	1.130247	0.866242	6.488834	6.430545	6.101440	3.839718	-3.747949	-0.546419
819	2	5.453907	6.282572	-1.542255	-6.007916	-1.318264	-1.606208	7.824390	5.814965
821	2	-1.809012	1.054497	7.311196	6.184587	6.036771	8.919849	-2.491179	-4.869802
822	2	6.722393	2.290226	-0.437774	3.706488	-4.899629	-3.382055	5.788243	4.549478
823	2	6.791901	6.366114	2.733052	2.106984	7.397460	6.368547	-3.753478	-3.398174
825	2	-2.844689	-4.529597	6.591085	7.414748	6.714732	6.219344	-3.228670	-4.145469
827	2	5.881382	6.085340	-5.949263	-2.368217	-2.588260	-4.064941	5.574639	7.214081
829	2	8.027589	6.410915	-5.901772	-5.755836	-3.851751	-4.655864	6.134236	5.624911
830	2	-1.337680	-1.544393	9.163491	6.793407	7.681522	7.462724	-0.411647	-2.487508
832	2	-9.472385	-6.850016	5.956593	6.980040	2.359671	5.070332	2.925737	3.493424
833	2	7.433331	6.274294	-1.635897	-7.257097	-4.448024	-0.180330	9.158023	4.656437
834	2	-2.727493	-5.445546	8.643382	7.824580	7.031835	5.372522	0.323591	-3.410716
836	2	5.347463	6.571424	-6.605408	-5.383838	-4.116441	-1.572401	5.698668	7.326932
837	2	6.194545	7.053453	-4.176171	-1.319609	1.009964	-4.862936	4.642291	6.405529
839	2	-5.811503	-5.222531	7.096323	6.216137	4.675050	6.024510	-0.575323	-2.595402
841	2	8.583220	5.426431	-3.750843	-5.210086	-2.608931	-6.255006	5.986797	4.692116
842	2	-8.435156	-5.505798	6.206580	5.417362	4.123733	3.418749	0.419203	-0.568074
844	2	-1.469810	-3.658578	6.811332	4.730883	5.819153	5.300039	-4.062233	-6.631506
848	2	-5.748363	-4.070363	4.870569	8.109342	6.425895	6.831150	-3.929215	-1.610120
849	2	-3.801748	-4.928229	6.398715	8.750805	4.785642	7.875492	-2.194485	-3.688256
850	2	0.969335	-5.817284	3.471279	5.563536	7.996629	6.384006	-6.937643	-3.063531
851	2	-0.868075	2.386512	6.980322	7.095068	2.857061	3.820287	-0.359891	-1.498839
852	2	-2.021177	-2.206011	6.120928	6.276874	6.800777	6.915200	0.152249	-5.501210
854	2	6.603240	6.840610	-8.295852	-4.573285	-2.068003	-4.366936	3.899170	7.077552
855	2	5.931164	6.489408	-3.278557	-3.490619	-3.269636	-3.879730	7.903796	6.726534
856	2	-4.746715	-3.799061	9.453529	6.009853	4.145165	5.393286	0.785985	-3.126797
858	2	7.207376	5.416351	-4.699765	-0.935645	6.296101	2.583599	-1.030564	4.550682
859	2	9.642316	6.876873	-5.061620	-5.174221	-1.025301	-2.922213	6.238362	6.104070
864	2	6.920521	6.825582	-6.163304	-4.001876	-4.348231	-2.561836	5.423339	6.093493
867	2	7.301925	6.604882	-4.464948	-3.301794	-2.373281	-0.719992	5.881508	7.992531
868	2	-2.936743	-3.681433	5.270090	6.136846	5.602177	3.430203	-2.719865	1.987975
870	2	-0.480466	-6.283661	8.331877	8.170498	8.418407	6.400449	-4.555780	-2.810233
872	2	-2.810925	-7.183498	7.809418	7.644756	6.013446	4.165126	-4.135470	0.875283
873	2	6.828408	6.822847	-5.509692	0.074755	-0.752081	-1.478382	4.683364	7.155526
874	2	5.853922	5.798588	-6.690983	-0.254905	-1.056153	-1.060539	4.251004	7.917624
875	2	5.279660	7.622766	-5.382567	-3.643400	-3.107119	-2.235254	4.950072	8.160049
876	2	7.161422	5.119710	-1.368807	-5.410696	-4.496020	-2.994288	6.421117	4.987386
877	2	7.547712	7.491150	-4.530196	-3.003555	-2.935504	-3.964714	7.684035	6.887780
879	2	-8.629203	-3.301267	7.137257	9.834225	2.977500	6.349767	0.734373	-0.340025
880	2	6.868239	8.761135	-8.333933	-3.232695	-2.763359	-3.614885	3.396130	6.326930
881	2	-8.433174	-4.365652	7.571064	6.567583	4.370790	6.252956	-2.005590	-4.621157
884	2	8.054116	7.292008	-5.543145	-2.107088	-1.456102	-4.654441	5.847757	6.421832
886	2	-2.448865	-4.165567	6.735244	5.724744	5.529885	6.768140	-3.950151	-3.837180
887	2	-4.507945	-1.809237	5.584797	6.539950	5.368418	6.850778	0.832350	-1.774906
889	2	-1.273393	-0.203268	7.772521	6.463510	6.615659	6.434157	2.744180	0.326693
891	2	5.179349	7.726682	-6.259179	-3.067375	-1.748570	-2.568345	6.730658	7.720808
892	2	-4.207294	-4.889302	6.033157	7.624100	6.384674	6.841750	-0.623878	-4.167956
894	2	-3.574832	-2.607982	6.228008	6.312374	5.831328	6.992122	-6.379620	-2.971196
895	2	2.220131	-2.365860	3.448052	5.998371	6.103879	5.749160	-3.014288	-4.827673
896	2	7.385399	6.963256	-9.346593	-5.814337	3.082340	-1.869497	1.127707	4.254886
897	2	-8.290401	-4.111824	6.495879	6.480060	4.592714	4.509695	-4.862385	-4.978491
900	2	6.866765	6.608174	2.235873	0.171168	-2.684384	-1.944649	6.951225	5.774084
901	2	6.184361	8.068504	-3.035853	-5.701116	0.230939	-1.276803	6.004987	5.254825
905	2	6.425858	6.152551	-4.149125	-4.717223	-1.922363	-4.395497	5.626019	6.644910
906	2	8.080920	5.978601	-4.870431	-3.602695	-1.950647	-2.201052	4.406062	8.042738
908	2	-2.845932	-2.614528	7.971795	4.825265	7.046613	6.988505	-2.682658	-4.642913
911	2	5.201497	3.087118	-4.188461	-0.495661	-0.355664	-4.281360	4.108807	4.883466
912	2	6.026483	7.821849	-5.093632	-6.074098	-2.651403	0.706242	6.832101	4.058675
914	2	-5.674218	-3.313192	8.325799	5.105453	6.843855	5.912287	0.708199	-2.979065
918	2	-3.662018	-6.317971	6.990760	8.083350	5.607171	3.207154	-4.914680	1.563187
919	2	6.988792	6.071353	-3.346766	-3.319104	-2.440925	-4.000078	7.961983	6.337096
922	2	9.618258	6.553754	-3.557925	-1.247050	1.731546	-3.196926	8.615987	7.432482
927	2	7.530410	4.438660	-6.315978	-6.132906	-0.622719	-3.702147	4.931325	4.483652
928	2	-3.643255	-4.552329	6.935669	5.515038	6.130639	6.491389	-1.144012	-4.395331
929	2	-6.789424	-3.248147	7.838251	7.172640	4.755764	6.571379	0.803817	-2.247643
930	2	-2.705304	-4.679699	7.310796	6.866693	6.119953	6.934807	-0.090109	-1.358431
932	2	-5.501172	-3.531659	7.837729	7.142324	4.366338	8.223412	-4.469814	-1.646108
934	2	-5.106058	-7.397539	5.694188	8.566326	6.497920	4.599520	-0.906446	-1.268388
936	2	5.257946	3.712537	-4.924305	-0.967777	-4.824531	-4.318020	5.590542	6.734569
938	2	-0.570332	1.209369	5.791959	6.416183	6.291288	5.578091	-6.697370	-4.599329
939	2	-4.183827	-4.567447	6.793514	7.332286	7.397454	8.131550	-1.929620	-4.814373
940	2	8.275288	7.891316	-2.734327	-1.865916	-3.493308	-2.435626	7.387222	8.423485
941	2	1.658296	2.329670	-4.669253	-1.527410	6.068063	4.185495	-11.099569	-4.682126
943	2	8.773595	6.505219	-5.124333	-0.327389	-0.614204	-4.186711	6.746044	7.842046
945	2	6.934619	7.225535	-4.430646	-1.168258	-5.739328	-2.938449	5.426531	7.336878
947	2	-4.245734	-1.771821	8.493656	6.427452	5.691629	6.563813	-0.739915	-1.920621
948	2	-4.571074	-5.481463	6.690620	7.021719	6.830801	6.115761	-2.777533	-5.504969
949	2	8.190847	6.590555	-3.895501	-1.736825	0.088200	-2.173949	6.063428	6.356294
952	2	7.189192	7.209023	-5.875405	-2.079248	-2.202450	-3.949868	6.869406	6.787493
953	2	-1.060005	-3.342977	7.536146	7.650483	7.590874	6.844639	-4.768398	-3.666199
954	2	5.626562	5.801353	-5.784792	-4.801476	-3.216451	-4.565766	4.316354	5.086565
955	2	-3.612620	-1.497771	6.250101	5.246584	5.679762	8.831563	-2.826622	-4.227993
957	2	-3.421140	-8.228038	5.410901	6.066395	6.070016	4.160099	-1.461997	0.021704
958	2	4.966051	6.371381	-4.583574	-1.529507	-7.015705	0.734829	5.318929	7.371345
959	2	4.950511	6.045930	-5.843761	-5.814032	-5.452154	-4.734897	5.986901	6.888402
960	2	-2.354134	-4.939484	7.484627	8.714383	7.247707	6.331410	2.263219	3.266933
961	2	-5.271709	-3.658778	6.569706	8.785894	7.017326	4.748603	0.494917	2.730433
962	2	-3.293860	-3.606897	6.427510	6.918652	6.752697	5.909100	-4.739450	-4.697068
963	2	-3.146459	-4.647619	7.376987	6.648454	6.077777	6.741972	-3.675315	-4.407687
965	2	8.421261	7.411803	-1.172444	-4.482547	-1.023491	-1.173315	5.732252	6.710709
967	2	6.283367	6.334546	-2.623216	-4.141174	-4.293797	-1.651775	6.251073	6.044962
969	2	-4.985307	-0.506591	8.150165	6.888341	2.947672	5.450585	5.363773	1.637315
971	2	5.468994	7.444186	-5.950915	-3.774459	-1.042691	0.280748	6.130293	6.729210
972	2	6.637426	6.139899	-2.536320	-6.163187	-0.642708	-2.161850	6.982887	6.183388
973	2	5.011388	6.446154	-1.753680	-3.638670	-4.198889	-5.756095	4.874230	5.588873
974	2	3.126115	6.252469	0.097055	-4.773609	-5.440740	-4.099649	7.407582	6.383913
975	2	-3.074720	-2.865486	7.266971	7.497663	6.551352	6.565748	-0.789501	-3.944365
976	2	5.456293	7.251852	-4.756649	-4.376951	-4.945468	-4.970168	6.464986	4.655647
977	2	-5.029291	0.030048	6.789786	8.730342	6.031370	8.181443	-1.037944	-0.826753
978	2	7.094543	8.235412	-1.764575	1.357706	1.156188	2.999676	5.446005	6.772032
979	2	8.681885	8.432463	-5.899599	-3.993009	2.108146	-4.137027	3.131151	6.454890
980	2	6.383792	6.775993	-4.818201	0.568004	-2.592166	-5.803318	6.712225	6.192726
981	2	7.073184	5.182157	-1.273028	-3.209613	4.367090	2.724924	5.467835	6.355093
984	2	7.209349	8.412427	-2.989641	-4.989993	0.912066	1.083214	7.046393	6.288198
985	2	-4.416231	-5.557575	7.845630	8.553255	7.170764	6.508706	-1.316301	-0.671911
986	2	6.747700	5.602750	-1.420116	3.469720	-3.829406	-3.696294	6.699817	8.831411
988	2	-7.655489	-0.427237	5.780262	6.472985	2.379735	6.286964	1.495599	0.090741
989	2	5.843215	5.812674	-3.229568	-3.293554	-6.858182	-6.889305	7.256598	7.205042
992	2	-4.953357	-4.813127	4.123943	6.204291	6.424855	6.560268	-2.656045	-5.211569
996	2	6.588569	6.307889	-2.114321	-7.333299	-1.602713	-2.922697	8.255389	4.223022
997	2	-8.547955	-6.644832	5.982301	7.782393	3.280043	4.315195	-3.543956	-2.853641
998	2	6.650211	3.231533	-3.396582	-3.505204	0.086110	-6.984449	5.921195	6.639456
1000	2	-3.904109	-5.399661	6.400818	6.712454	8.348790	6.462357	-1.871822	-1.983730
