1	2	8520	-0.591224	-0.677614
1	2	1480	-2.258996	5.204836
2	1	10000	7.273032	-4.445576
3	2	631	0.142253	5.586983
3	2	9369	7.156932	-4.599111
4	1	10000	4.527707	1.340917
5	2	4882	-2.641734	5.922839
5	2	5118	7.064698	-6.234870
6	3	4194	-0.301515	0.368051
6	3	1921	6.056174	-4.770417
6	3	3885	-5.701941	6.834398
7	1	10000	6.962716	-5.966784
8	2	8671	-6.625582	4.211325
8	2	1329	4.793113	-5.209744
9	1	10000	8.246266	-1.520193
10	1	10000	-7.282959	4.506138
11	3	7632	-1.659234	-0.620425
11	3	930	4.926210	-2.816624
11	3	1438	-6.848710	5.457375
12	2	2934	-5.592626	6.407949
12	2	7066	5.791895	-5.528595
13	2	8378	7.355265	-4.517912
13	2	1622	0.353656	5.152564
14	1	10000	6.590427	-7.910350
15	2	8011	4.365091	-4.458517
15	2	1989	-3.397078	5.744012
16	3	3061	8.787439	-2.252177
16	3	5025	3.075454	6.762298
16	3	1914	-2.204089	6.832938
17	1	10000	-3.385118	8.429600
18	2	8125	7.597075	-4.915566
18	2	1875	-3.290666	5.293224
19	2	3394	6.880676	0.115200
19	2	6606	-3.814060	6.933022
20	2	8067	8.516641	-6.430189
20	2	1933	-3.424954	5.783652
21	2	5184	6.845824	-3.091539
21	2	4816	-2.435540	7.692533
22	2	7028	-4.963946	7.162858
22	2	2972	7.298054	-4.151735
23	2	8443	-5.417149	7.082979
23	2	1557	5.554338	-4.625499
24	3	2671	6.768941	1.921875
24	3	2588	3.793217	6.053263
24	3	4741	-2.789332	6.859285
25	2	4024	8.332374	-2.788426
25	2	5976	-2.108460	7.277918
26	2	4691	4.253498	-0.329813
26	2	5309	-6.245723	6.504527
27	2	6362	-4.091353	8.114983
27	2	3638	7.895574	-0.468904
28	2	3689	6.683696	-3.795117
28	2	6311	-1.063679	3.505951
29	2	6903	-5.332596	6.408736
29	2	3097	6.720177	-6.791047
30	1	10000	6.594531	-7.973004
31	2	9189	-4.770592	8.727430
31	2	811	5.124406	0.161010
32	1	10000	-2.373814	7.957729
33	2	9589	-5.510557	7.572611
33	2	411	5.324874	-0.474069
34	3	4028	0.615346	0.305007
34	3	2202	-2.034765	6.698079
34	3	3770	7.346713	-5.884682
35	2	7926	-1.899306	0.600750
35	2	2074	4.736434	-5.834042
36	2	7519	6.534907	4.263519
36	2	2481	-0.247945	7.804846
37	2	4902	6.435366	-2.029935
37	2	5098	4.015445	6.403415
38	1	10000	-2.158970	-0.556990
39	2	6330	-3.023765	6.385080
39	2	3670	6.622076	-4.094971
40	3	4555	8.640839	1.621967
40	3	4186	-1.799998	6.285918
40	3	1259	8.642843	-3.091924
41	3	6836	1.197889	-0.152248
41	3	2129	6.987256	-5.713518
41	3	1035	-4.613143	4.908848
42	2	7951	7.323864	-4.444988
42	2	2049	-3.946883	6.970619
43	2	6357	-2.907420	7.564989
43	2	3643	6.885812	2.462412
44	2	8214	0.891717	5.485159
44	2	1786	7.265746	-1.209372
45	2	7615	3.711979	5.174265
45	2	2385	6.236761	1.436603
46	2	4720	4.911425	-1.411205
46	2	5280	-5.893051	7.503424
47	1	10000	8.627404	-5.404735
48	2	4322	5.171587	-3.161831
48	2	5678	-4.905541	8.112460
49	2	8093	4.621053	-7.534365
49	2	1907	-6.916451	3.812022
50	2	3296	-6.088648	5.174972
50	2	6704	-1.617394	-1.012723
51	2	2524	6.795724	-3.681580
51	2	7476	-4.572609	6.343576
52	3	3389	6.198225	-5.998645
52	3	1029	-1.632468	4.124029
52	3	5582	-0.359195	-0.054940
53	2	4967	-8.026398	6.564360
53	2	5033	4.337653	-2.310710
54	3	3688	6.327148	-3.299931
54	3	5052	-3.111918	6.924976
54	3	1260	3.117020	6.584126
55	2	4130	-1.727769	6.728178
55	2	5870	8.654870	-2.079332
56	2	6225	1.087064	0.452259
56	2	3775	5.124300	-3.540785
57	2	3923	-0.840226	6.871295
57	2	6077	5.313215	-1.453312
58	1	10000	-6.761208	6.586506
59	1	10000	0.223860	8.422762
60	2	7003	-6.030063	7.918260
60	2	2997	6.907801	-2.803911
61	3	1860	7.313306	-2.638304
61	3	6806	-3.676311	6.322144
61	3	1334	5.456648	2.814374
62	2	8781	-3.903774	7.102697
62	2	1219	6.761476	-0.402147
63	1	10000	-5.091039	5.844014
64	3	358	-3.794010	5.624084
64	3	8379	6.915084	-5.053390
64	3	1263	0.566630	5.624082
65	2	6326	6.993696	-5.444363
65	2	3674	3.347585	7.017829
66	2	5942	2.638832	-2.228719
66	2	4058	7.207620	-5.334382
67	2	9224	-7.695842	7.298139
67	2	776	4.089281	2.856199
68	2	897	-2.055562	7.188855
68	2	9103	8.575624	-4.465201
69	2	6786	5.626208	-4.653315
69	2	3214	-0.210444	6.359155
70	1	10000	4.682162	-5.100838
71	2	9697	7.448354	-6.499775
71	2	303	-4.028913	6.097956
72	3	4120	7.035993	-5.644588
72	3	3803	1.517617	0.500334
72	3	2077	-1.369269	7.054937
73	2	2623	7.250510	-4.036315
73	2	7377	-3.084374	6.640849
74	1	10000	5.756476	-3.758038
75	2	8685	6.402485	-4.883328
75	2	1315	-1.867581	5.469802
76	2	7833	8.463875	-3.695736
76	2	2167	-3.222727	6.307051
77	2	3361	-2.768346	5.883951
77	2	6639	8.238556	-0.216620
78	2	7187	-5.283174	7.283548
78	2	2813	6.705267	3.270560
79	2	4637	5.476512	-3.417527
79	2	5363	-2.317531	7.270025
80	3	4058	6.220801	-6.184554
80	3	4348	-1.366987	6.301388
80	3	1594	3.286004	6.178013
81	2	6780	-6.226637	7.554190
81	2	3220	6.051452	-3.961915
82	1	10000	0.153879	7.967177
83	2	8867	-6.687771	8.684861
83	2	1133	4.036451	-1.647696
84	2	2819	-6.977375	5.838679
84	2	7181	3.922456	0.790039
85	2	8247	7.070469	1.853661
85	2	1753	-1.021176	5.204367
86	1	10000	7.697038	-8.767942
87	1	10000	-8.025645	6.929381
88	2	8833	-4.097431	5.411023
88	2	1167	5.052716	-3.342043
89	1	10000	-2.083583	9.377956
90	3	8421	-6.696730	8.125470
90	3	600	6.035881	2.301771
90	3	979	6.068980	-2.929299
91	3	3594	6.313532	-4.592834
91	3	3280	0.919100	0.453936
91	3	3126	-0.829305	6.509925
92	2	5920	6.807285	-3.508530
92	2	4080	-2.977429	5.782071
93	2	7698	6.765021	-3.839012
93	2	2302	-4.020435	6.370190
94	2	7963	-2.859155	8.471023
94	2	2037	7.547119	1.033643
95	2	4217	5.637528	-5.179957
95	2	5783	-3.492211	5.601038
96	2	4499	-7.928885	6.563329
96	2	5501	-4.526829	1.253616
97	1	10000	7.603442	-3.318701
98	1	10000	9.174707	-3.562460
99	2	8336	6.495251	-4.216829
99	2	1664	-3.644613	6.114829
100	2	9537	7.886915	-5.368837
100	2	463	-1.749284	6.200552
101	2	7998	6.393858	-3.958144
101	2	2002	-2.312598	5.960854
102	2	2289	6.900085	-4.383408
102	2	7711	-5.749000	7.196996
103	1	10000	8.231376	-3.405142
104	2	3923	-1.977719	7.316401
104	2	6077	6.462878	-3.971673
105	2	8859	-6.803473	6.858438
105	2	1141	5.827569	-2.396659
106	2	5638	-3.831546	7.426579
106	2	4362	6.140105	-0.107450
107	2	8161	-5.827204	5.733562
107	2	1839	5.084031	-5.138219
108	1	10000	-9.118385	6.433862
109	1	10000	-5.369614	7.911724
110	2	8265	-3.177094	7.270069
110	2	1735	5.093971	-0.911399
111	3	4561	-1.961126	6.553540
111	3	2965	5.153914	1.763011
111	3	2474	5.157220	-4.197485
112	2	7699	-5.040657	7.458711
112	2	2301	5.726774	0.183889
113	2	8236	-1.786668	0.093479
113	2	1764	-3.722260	4.940701
114	2	8057	4.794523	-3.435950
114	2	1943	-6.478834	5.507954
115	2	6998	1.526813	-2.434168
115	2	3002	7.114498	-7.985667
116	1	10000	-1.832668	6.061356
117	2	8389	-5.819224	8.428117
117	2	1611	6.956578	-1.351019
118	1	10000	-4.872317	9.427514
119	2	8107	6.640099	-5.153152
119	2	1893	-4.319397	5.344426
120	2	9457	9.273563	-5.918712
120	2	543	-2.484010	6.531795
121	2	4080	-0.213624	6.335306
121	2	5920	6.004623	-3.692362
122	3	4354	-1.939162	0.765207
122	3	3812	-7.136892	6.714729
122	3	1834	5.982378	-0.793889
123	2	2787	6.955321	-3.703159
123	2	7213	-5.025513	6.841240
124	1	10000	9.506082	-5.594051
125	2	5720	0.006791	7.731196
125	2	4280	7.255235	-4.513859
126	2	6885	-4.135784	7.277376
126	2	3115	7.621935	3.426936
127	2	7508	-5.662356	6.807808
127	2	2492	5.876002	-1.800118
128	2	5518	5.517633	-1.994794
128	2	4482	4.615711	5.180818
129	1	10000	-4.009258	6.892965
130	2	9532	-6.137701	6.310565
130	2	468	5.163849	-4.071236
131	2	3034	-5.880367	4.892687
131	2	6966	0.318063	-3.124414
132	2	8766	6.290532	-6.271921
132	2	1234	-2.256182	6.328328
133	2	6933	-5.836775	8.526198
133	2	3067	6.569798	1.405796
134	1	10000	6.564480	-6.738914
135	2	5147	6.618145	-6.092894
135	2	4853	-2.907261	5.534487
136	1	10000	9.908660	0.074619
137	2	4477	-6.073961	6.628282
137	2	5523	5.459637	-2.670418
138	3	4338	-5.368297	6.638033
138	3	3678	0.892874	0.024218
138	3	1984	6.474329	-5.017862
139	2	3706	5.795440	-2.898335
139	2	6294	-3.619117	6.856130
140	1	10000	6.636758	-8.755167
141	2	3297	3.673425	5.637126
141	2	6703	7.663540	-0.576640
142	2	9616	8.708142	-7.737667
142	2	384	-0.340315	5.186703
143	2	6997	-6.769205	4.978753
143	2	3003	5.251292	-4.798394
144	2	2021	1.235281	7.117603
144	2	7979	6.644108	-4.470315
145	2	8575	-4.299107	6.786142
145	2	1425	4.721468	-4.669440
146	1	10000	-2.712713	8.260025
147	2	7117	8.151100	-5.547859
147	2	2883	-4.548103	6.521825
148	1	10000	-7.341252	7.258228
149	2	4281	5.951122	-4.410409
149	2	5719	-3.156685	7.400050
150	3	7761	-0.937043	-2.725505
150	3	1818	5.071139	-7.147074
150	3	421	-6.355703	3.747448
151	1	10000	8.576042	-8.477452
152	2	4252	5.791472	0.485333
152	2	5748	-1.464176	5.873305
153	1	10000	5.535821	-5.986144
154	1	10000	8.259175	-4.489969
155	1	10000	-2.888814	6.341863
156	1	10000	-5.612671	8.101319
157	1	10000	-7.330881	5.547445
158	3	1890	5.596564	-1.949847
158	3	6447	-3.609394	7.066286
158	3	1663	4.703498	3.987109
159	3	6315	0.637635	-1.540503
159	3	1362	-2.613895	4.662205
159	3	2323	5.847399	-4.521791
160	1	10000	6.526155	-4.249353
161	3	4449	-0.425638	2.796860
161	3	4453	5.864386	-1.132033
161	3	1098	-2.442625	4.646524
162	2	2988	-3.521069	5.828134
162	2	7012	6.436021	-5.085663
163	1	10000	7.861238	-0.761422
164	2	8917	6.091620	-6.632543
164	2	1083	-2.735449	6.041803
165	2	914	-3.301637	4.701321
165	2	9086	4.521768	-3.068910
166	3	6790	-3.266801	5.461586
166	3	1685	6.392196	-4.029404
166	3	1525	6.273975	2.293725
167	2	8766	-7.390560	8.486947
167	2	1234	4.860727	-2.676907
168	1	10000	-5.122971	7.344399
169	2	9440	-4.562016	7.498247
169	2	560	5.073323	-2.817744
170	2	9790	9.130162	-4.800109
170	2	210	-0.813027	6.453229
171	1	10000	4.594889	-5.644115
172	1	10000	5.340564	-3.131708
173	2	8920	-2.415913	6.244879
173	2	1080	6.473808	-3.147131
174	3	3885	0.847454	8.377649
174	3	5079	6.650236	3.126654
174	3	1036	7.773178	-2.098967
175	2	8533	-6.034250	8.629035
175	2	1467	6.640476	-0.977469
176	2	1423	5.207465	-0.241534
176	2	8577	-5.512909	6.764892
177	1	10000	5.383041	-7.544329
178	2	2982	7.058953	-3.479922
178	2	7018	-3.636229	6.626014
179	2	9906	6.748566	-3.758498
179	2	94	-1.226238	6.179511
180	2	3017	0.629361	6.439589
180	2	6983	6.163372	-2.961311
181	2	1582	5.540477	-2.188690
181	2	8418	-4.841522	3.425085
182	2	1796	3.129154	-4.238009
182	2	8204	-5.442992	5.084811
183	2	7519	-2.224663	6.656864
183	2	2481	5.765754	-4.657495
184	3	3005	6.089357	-7.176818
184	3	6081	0.614444	-1.617258
184	3	914	-2.251529	4.705235
185	3	2341	6.930718	3.406175
185	3	6754	-4.640568	7.933845
185	3	905	8.208060	-1.645106
186	2	8824	-6.025915	6.370530
186	2	1176	5.692989	1.274949
187	2	5124	6.488956	-3.266941
187	2	4876	-2.731583	5.934993
188	2	9268	-1.462028	-1.412464
188	2	732	-2.697246	4.304671
189	2	8498	5.826489	-5.760111
189	2	1502	-3.590027	5.591524
190	2	6664	-2.326233	6.064280
190	2	3336	7.182553	-2.831606
191	2	8256	-4.351062	8.645397
191	2	1744	6.164801	0.673938
192	1	10000	-4.332318	6.418244
193	2	7788	7.412551	-4.014464
193	2	2212	-3.704800	5.667235
194	1	10000	-0.273496	7.220306
195	2	9348	8.364757	-5.591277
195	2	652	-1.506842	5.736016
196	2	6144	-5.989723	6.348567
196	2	3856	6.818452	-2.792959
197	1	10000	9.582307	-7.167166
198	2	8350	-6.864204	7.019890
198	2	1650	4.252870	-1.754899
199	2	8464	8.762214	-3.865248
199	2	1536	-0.205176	6.558686
200	1	10000	5.440627	-8.100846
201	2	6350	8.244570	-4.418112
201	2	3650	-0.226337	7.581797
202	2	6863	4.857362	-5.315058
202	2	3137	-6.411689	6.131287
203	2	7173	-5.306728	6.480728
203	2	2827	7.326346	-0.217999
204	2	8331	8.384563	-5.512660
204	2	1669	-2.135408	6.875833
205	1	10000	9.476506	-3.678683
206	1	10000	8.439443	-4.132328
207	2	7521	6.610723	-5.349427
207	2	2479	-1.850953	6.524736
208	3	6280	-3.380444	7.242364
208	3	1688	6.650711	2.529686
208	3	2032	7.076225	-3.380788
209	2	8754	6.871579	-6.540992
209	2	1246	-0.031270	5.910199
210	2	9284	-5.827050	6.486857
210	2	716	4.302895	-5.412263
211	2	2137	-6.706808	5.927049
211	2	7863	-3.418609	0.234304
212	2	3895	1.382781	6.631479
212	2	6105	6.557777	-4.696937
213	2	8783	8.743906	-6.353755
213	2	1217	1.164521	6.334308
214	2	3577	1.969638	7.750428
214	2	6423	5.983575	-4.379631
215	1	10000	-3.509936	6.806395
216	2	8321	7.908328	-3.387640
216	2	1679	-1.540548	8.180001
217	3	3153	-1.970910	6.325005
217	3	4912	0.722039	1.561654
217	3	1935	5.728018	-2.665554
218	2	6499	-5.480045	6.128068
218	2	3501	5.949502	-0.691051
219	2	6180	-2.749275	-0.416433
219	2	3820	-7.873394	5.763016
220	3	8747	-5.656316	5.810881
220	3	739	5.344812	-2.422739
220	3	514	5.259898	2.383489
221	1	10000	7.061971	-4.422295
222	2	7048	6.253734	3.290496
222	2	2952	-1.835164	5.623418
223	2	8961	-6.253258	7.887934
223	2	1039	6.512785	-2.182338
224	2	2285	-2.280668	5.111721
224	2	7715	8.164341	-2.768235
225	2	6848	7.525972	-3.358543
225	2	3152	-4.610969	7.005427
226	2	9042	5.922506	-7.720279
226	2	958	-4.381093	4.765235
227	2	7056	-0.154074	6.919824
227	2	2944	6.071471	-4.844176
228	2	9769	8.426966	-6.184107
228	2	231	-0.900526	5.729234
229	2	5124	7.824546	-3.373943
229	2	4876	-4.055767	7.889791
230	1	10000	-5.025236	6.674899
231	1	10000	8.412746	-4.587152
232	1	10000	-5.085657	7.940551
233	1	10000	9.070869	-8.929569
234	2	9016	-4.752367	7.778866
234	2	984	5.642301	-3.803902
235	1	10000	-6.644592	6.966244
236	2	9293	-7.351037	5.870171
236	2	707	4.739749	1.573466
237	2	6879	-1.524168	4.818781
237	2	3121	5.599770	-4.316302
238	3	1909	-4.815261	6.033863
238	3	6614	-0.794253	-0.090931
238	3	1477	5.589027	-5.307281
239	2	6270	7.270843	-4.244951
239	2	3730	-3.397146	7.118991
240	2	6550	6.897838	-2.175991
240	2	3450	2.800634	6.683303
241	2	9351	7.510961	-6.961453
241	2	649	-0.455338	5.421095
242	1	10000	-6.402467	8.758538
243	1	10000	-7.760675	3.768558
244	2	7788	7.624990	-4.053470
244	2	2212	-1.016534	4.099365
245	2	6539	6.339265	-4.011723
245	2	3461	-2.911394	7.626208
246	3	3673	-3.016239	6.821246
246	3	3773	2.425782	1.450691
246	3	2554	6.930440	-1.900903
247	1	10000	6.013637	-5.923211
248	1	10000	7.593054	-8.602449
249	2	8503	-5.685187	5.603461
249	2	1497	5.624368	-1.621216
250	2	9582	-5.194494	6.099222
250	2	418	5.790722	-4.328331
251	1	10000	-10.819495	6.579863
252	2	8519	9.293147	-4.140232
252	2	1481	0.789745	7.666659
253	1	10000	-5.020143	6.614715
254	2	5925	-3.754838	9.469859
254	2	4075	8.665672	0.212860
255	2	8453	8.665083	-5.480167
255	2	1547	-0.796569	6.464163
256	3	5546	6.161063	-2.505316
256	3	3610	-1.681266	7.247819
256	3	844	0.296225	1.624611
257	2	7520	5.714031	-3.530571
257	2	2480	-0.492977	6.206566
258	2	8261	4.116549	-2.838774
258	2	1739	-0.134575	3.882370
259	2	4008	6.499165	-8.924073
259	2	5992	-1.064566	3.099331
260	2	3480	-5.701995	8.005587
260	2	6520	6.715494	-4.113195
261	1	10000	6.624277	-10.619387
262	1	10000	6.527564	-6.589442
263	3	823	-4.793386	5.422893
263	3	8028	6.162624	-3.806892
263	3	1149	1.455955	5.422874
264	2	8249	-3.841356	5.724395
264	2	1751	6.729806	-4.968304
265	1	10000	5.722242	-6.343256
266	2	6678	-2.040806	8.529273
266	2	3322	4.926762	0.616476
267	2	7894	7.963191	-5.153024
267	2	2106	1.808016	5.960672
268	2	9663	7.855773	-7.733322
268	2	337	0.263974	3.590037
269	2	5918	-2.891785	6.672250
269	2	4082	7.119405	-5.195527
270	3	5249	-4.812212	6.758036
270	3	3314	0.859665	1.008352
270	3	1437	5.718636	-1.380868
271	1	10000	8.559272	-5.223359
272	4	2955	-1.631854	5.370302
272	4	1977	6.005651	-3.751112
272	4	4134	0.415476	-0.933725
272	4	934	5.256562	2.975101
273	3	3823	4.994069	-6.479981
273	3	3533	-1.252234	0.139300
273	3	2644	-3.394664	6.046133
274	2	3230	-2.001700	6.420381
274	2	6770	7.987395	-4.215445
275	1	10000	-5.072191	5.331547
276	2	7787	-4.487389	5.738053
276	2	2213	4.950744	-2.048510
277	2	3409	7.141237	-2.979782
277	2	6591	-1.040312	6.609242
278	1	10000	7.535919	-7.457294
279	2	2089	5.667703	-6.615271
279	2	7911	-3.618916	5.133063
280	1	10000	8.434381	-6.639543
281	3	4418	-0.897382	7.201183
281	3	3792	5.813972	-2.894805
281	3	1790	3.614816	5.871891
282	1	10000	-6.800471	6.673487
283	2	6669	-2.511981	0.361685
283	2	3331	-4.956840	5.868546
284	1	10000	6.611177	-5.421003
285	2	8373	2.574147	7.609334
285	2	1627	-3.083955	8.037463
286	2	3709	4.808797	-4.342645
286	2	6291	-1.746127	-2.845186
287	1	10000	-4.788675	8.854373
288	2	7623	-3.593259	7.021207
288	2	2377	5.911879	-3.408549
289	1	10000	-7.329202	6.174179
290	2	5942	9.202779	-1.832260
290	2	4058	3.043275	7.319097
291	2	9034	6.744966	-7.714328
291	2	966	0.372630	4.756253
292	3	4423	0.723899	-0.456063
292	3	3814	7.208506	-4.617505
292	3	1763	-4.606808	6.037570
293	1	10000	-4.289786	6.565790
294	1	10000	-8.754817	5.349846
295	3	3569	7.647674	-5.197950
295	3	3588	-1.669716	6.619295
295	3	2843	-0.974577	0.320946
296	1	10000	-7.302916	6.064762
297	1	10000	-4.190310	8.828232
298	2	2773	-3.942576	5.486105
298	2	7227	7.303465	-6.930207
299	1	10000	-0.604225	6.521623
300	2	2739	-3.219245	4.713046
300	2	7261	6.786725	-5.854345
301	1	10000	-9.352893	7.706051
302	3	4398	-1.467963	-0.026249
302	3	4592	-5.534835	7.363477
302	3	1010	5.184368	-3.156094
303	1	10000	-6.653586	8.148802
304	1	10000	-4.443111	6.805454
305	2	9014	-6.377105	6.657272
305	2	986	5.511759	-3.306174
306	2	4239	4.861785	-3.431692
306	2	5761	-1.691372	1.844883
307	2	3490	-4.080783	7.080593
307	2	6510	7.803442	-1.896778
308	2	5666	6.379205	-6.351039
308	2	4334	-0.079388	-0.222869
309	1	10000	7.320001	-4.768922
310	3	4257	-2.274855	6.428326
310	3	2332	5.322178	-5.451996
310	3	3411	5.282581	1.090422
311	2	8743	-4.572625	7.553448
311	2	1257	6.325279	-1.804533
312	3	4300	-2.593562	0.554153
312	3	4680	-9.135260	7.180365
312	3	1020	3.295198	-3.421290
313	2	3510	8.170831	0.574601
313	2	6490	6.511307	6.308586
314	2	4345	6.546745	-6.270041
314	2	5655	-4.979538	6.378214
315	1	10000	7.484482	-2.796598
316	2	6149	-1.607865	7.837433
316	2	3851	8.259656	-3.075763
317	2	7274	-5.043395	6.360177
317	2	2726	7.258415	-4.368840
318	1	10000	4.952702	-8.655784
319	2	8504	5.918995	-3.231605
319	2	1496	0.168145	5.803473
320	1	10000	-5.094778	8.511911
321	2	7815	5.397185	-1.719710
321	2	2185	-3.373837	5.710482
322	2	6703	8.345821	0.491681
322	2	3297	-1.180940	6.567853
323	2	6250	1.487963	5.613943
323	2	3750	5.470494	-1.722197
324	1	10000	-4.834756	7.258052
325	2	9807	8.742202	-6.061716
325	2	193	1.256726	5.084812
326	1	10000	5.396856	-5.928780
327	2	2104	4.742191	-1.222766
327	2	7896	-7.141223	6.453648
328	2	6149	-4.579672	5.710383
328	2	3851	6.937806	-7.018341
329	2	3089	-2.011092	8.749712
329	2	6911	7.531894	0.555993
330	1	10000	8.328084	-6.320779
331	2	5903	6.044893	-1.563825
331	2	4097	-2.624835	6.957728
332	2	2091	5.311821	-6.187127
332	2	7909	1.014502	-0.300053
333	2	4484	7.314925	-4.940731
333	2	5516	-2.611451	6.919034
334	1	10000	-2.308133	6.783405
335	2	7366	-3.653120	6.978216
335	2	2634	6.654433	-2.127070
336	3	5258	-0.204228	-0.408038
336	3	2162	-3.751941	5.820467
336	3	2580	6.117571	-4.431319
337	1	10000	-4.515763	6.742371
338	2	8531	-5.291827	6.218540
338	2	1469	5.346844	-1.601337
339	2	8602	-6.123678	5.972235
339	2	1398	5.439551	2.068017
340	2	5898	-3.125749	6.608005
340	2	4102	7.155951	2.205343
341	1	10000	-8.009253	8.868363
342	2	1213	-3.412840	5.819761
342	2	8787	8.397205	-3.590038
343	3	7459	7.507018	-3.060195
343	3	2025	1.833025	5.200232
343	3	516	-3.746174	5.501940
344	2	4960	6.641982	-2.775319
344	2	5040	-3.675506	6.647955
345	1	10000	-2.778865	-2.880834
346	2	6208	-5.061897	6.817989
346	2	3792	6.881470	-5.587432
347	3	2425	6.293806	-1.043939
347	3	5160	-0.262181	1.214301
347	3	2415	-4.440450	5.353786
348	1	10000	7.021142	-7.594272
349	1	10000	6.497141	-4.669518
350	2	3196	-0.725836	6.973085
350	2	6804	9.165948	-4.952825
351	1	10000	4.811783	-9.954054
352	1	10000	-5.940519	6.970094
353	2	7717	0.082706	-4.509114
353	2	2283	6.314580	-11.082509
354	2	7233	-2.658104	7.403839
354	2	2767	7.766462	-2.783872
355	2	2670	6.729590	-1.268071
355	2	7330	-3.969847	7.753813
356	2	5636	-4.850463	6.066934
356	2	4364	7.678333	-4.954061
357	2	4334	-4.002441	7.586598
357	2	5666	-0.622638	1.113314
358	2	5365	3.290649	8.170800
358	2	4635	8.002393	-2.958719
359	3	3545	5.769215	-8.661268
359	3	5551	-0.154993	-2.128764
359	3	904	-1.995383	4.442192
360	2	3531	6.308219	-2.602369
360	2	6469	-4.752133	6.512352
361	2	6262	-4.232794	1.060189
361	2	3738	-8.314247	7.676564
362	2	7662	6.269746	-5.645944
362	2	2338	-3.886666	5.430345
363	2	7404	8.532034	-6.016040
363	2	2596	-0.354467	6.584841
364	1	10000	-3.778919	7.306841
365	2	8908	-3.785908	8.794529
365	2	1092	7.365783	-1.590882
366	2	2775	7.425299	-6.928560
366	2	7225	-2.430448	5.603043
367	2	5837	-2.004042	8.118236
367	2	4163	7.707465	0.584995
368	2	8385	-5.380929	6.601185
368	2	1615	5.641695	-5.003344
369	2	9466	9.426898	-4.446261
369	2	534	-1.756151	6.222661
370	3	7430	6.215519	-2.004171
370	3	1915	2.033920	6.179246
370	3	655	-3.199820	6.605557
371	2	6242	4.339749	5.831684
371	2	3758	0.095073	7.930408
372	2	7364	-2.427786	-0.404171
372	2	2636	-5.788676	4.626423
373	2	4481	8.255897	-6.373158
373	2	5519	-1.117602	2.404388
374	1	10000	4.305265	-5.471159
375	1	10000	5.491979	-4.052451
376	2	8462	-7.674195	8.425716
376	2	1538	4.875323	0.885040
377	2	6977	2.846474	8.558690
377	2	3023	-1.867143	8.620375
378	2	9455	8.049470	-6.603667
378	2	545	-3.691200	6.232973
379	2	9369	8.126762	-6.242808
379	2	631	-0.759403	3.961300
380	2	6621	3.162731	0.221384
380	2	3379	-2.259352	5.534196
381	1	10000	7.037860	-7.017702
382	2	561	0.355754	4.919732
382	2	9439	3.221962	-1.594386
383	1	10000	5.805923	-4.141736
384	2	8729	8.102110	-3.347199
384	2	1271	-1.298470	4.736999
385	3	2453	1.864415	-0.182232
385	3	3634	7.366192	-4.102812
385	3	3913	-3.279637	6.916265
386	2	7151	7.511845	-4.514173
386	2	2849	-2.803893	7.386418
387	2	7595	7.044508	-4.184386
387	2	2405	-0.759531	6.562080
388	3	6008	-1.921623	2.078711
388	3	1447	6.521804	-2.440885
388	3	2545	-5.213591	6.081375
389	2	2242	7.063602	-3.593312
389	2	7758	-5.425624	7.925644
390	3	5496	-0.862433	-0.766166
390	3	2638	-5.802829	4.611291
390	3	1866	5.672908	-7.380000
391	2	9221	6.518874	-5.924663
391	2	779	-2.761873	4.684329
392	1	10000	8.293125	-4.677349
393	2	7829	8.001726	-5.441432
393	2	2171	-3.809848	5.689827
394	2	3536	7.081407	-6.819008
394	2	6464	-2.939227	5.490517
395	2	9341	5.629496	-4.088521
395	2	659	-4.012390	5.152187
396	2	5492	-6.408404	7.982607
396	2	4508	-6.408398	1.840371
397	2	7345	-6.234662	7.336030
397	2	2655	5.702914	-2.335700
398	1	10000	6.254431	-7.867400
399	1	10000	6.369860	-8.986801
400	2	7419	-5.270904	7.409440
400	2	2581	6.321978	-2.551462
401	3	3511	5.895622	-2.912286
401	3	5257	-0.425977	-1.198000
401	3	1232	-2.938229	5.088076
402	2	8977	8.105647	-2.581896
402	2	1023	-3.972514	6.879370
403	3	1640	-3.821327	7.273229
403	3	3176	5.983354	-2.819266
403	3	5184	1.085078	-2.747466
404	1	10000	5.853448	-7.257265
405	2	6165	7.408897	-3.564100
405	2	3835	-4.267453	8.160089
406	3	8375	8.908335	-5.754419
406	3	1261	-1.936153	5.951687
406	3	364	3.469926	4.419918
407	1	10000	-8.770544	5.795592
408	2	8195	-4.981013	7.270211
408	2	1805	6.198788	-2.799830
409	2	5986	-2.912047	0.690862
409	2	4014	-9.375370	7.171659
410	2	8534	6.781240	-6.597584
410	2	1466	-4.064249	5.769140
411	2	7531	-4.527736	7.635564
411	2	2469	8.412502	-1.012274
412	3	8947	7.194850	-4.941471
412	3	759	-2.111170	6.671671
412	3	294	1.952820	6.303059
413	2	454	5.004835	-0.405834
413	2	9546	-4.291859	6.314768
414	3	5812	5.969168	3.005002
414	3	3154	0.809330	7.940643
414	3	1034	6.660041	-0.183576
415	3	3959	1.356001	0.196034
415	3	2876	-2.872845	5.604342
415	3	3165	6.949190	-2.088740
416	2	8086	7.634223	-6.348161
416	2	1914	-3.341974	6.185246
417	1	10000	7.097044	-4.874082
418	2	7921	-5.043607	5.601902
418	2	2079	6.178932	-5.508552
419	3	4507	-7.526922	7.301883
419	3	4768	-1.320208	1.054015
419	3	725	4.867255	-4.342184
420	2	1288	-8.515091	4.985702
420	2	8712	-2.565483	-0.984582
421	1	10000	8.170679	-3.938516
422	3	3435	7.514311	-3.858490
422	3	2463	-0.855621	6.932038
422	3	4102	7.504846	1.756682
423	3	3881	1.308222	0.840843
423	3	4483	-6.106314	6.325176
423	3	1636	5.649945	-3.282371
424	2	9825	-6.483737	7.739722
424	2	175	5.296403	0.689544
425	2	8287	-4.567082	7.586350
425	2	1713	5.320707	-0.192737
426	2	4880	-7.227913	6.219829
426	2	5120	-1.305226	-0.290305
427	2	4481	7.158208	3.417045
427	2	5519	-1.692752	6.960545
428	2	6489	4.974499	-2.089968
428	2	3511	-1.056430	6.694113
429	2	5569	5.849231	-4.342800
429	2	4431	-4.803980	8.208956
430	3	4306	0.415842	0.522328
430	3	4321	-5.698032	6.977702
430	3	1373	5.675832	-4.803434
431	2	7242	-4.785333	5.798298
431	2	2758	6.426341	-4.122968
432	2	8562	6.592277	-4.014781
432	2	1438	-0.493781	6.217165
433	2	7228	-5.392769	6.407874
433	2	2772	5.760896	-2.693782
434	1	10000	5.728144	-2.023251
435	3	3937	6.095175	2.792530
435	3	4103	-1.027566	7.294220
435	3	1960	6.337988	-3.474078
436	2	967	0.015644	6.132900
436	2	9033	7.754379	-4.021692
437	2	3878	-5.011020	8.163345
437	2	6122	7.034780	-4.929305
438	1	10000	-6.353235	7.078458
439	2	7005	5.496651	-4.905306
439	2	2995	-2.426096	6.678322
440	2	1469	-0.078180	6.699926
440	2	8531	9.076590	-4.895640
441	2	8146	-2.576973	6.704750
441	2	1854	6.110261	-1.793994
442	2	4551	1.004348	6.880716
442	2	5449	8.661933	-4.201466
443	2	7544	-4.472185	7.909440
443	2	2456	7.081641	0.292130
444	1	10000	6.036674	-11.847740
445	1	10000	6.695528	-3.653938
446	2	8721	6.308813	-6.254551
446	2	1279	-4.569161	5.370366
447	2	5358	5.876728	-0.250719
447	2	4642	4.883014	5.186900
448	3	3819	-3.785886	7.650916
448	3	3737	6.297003	-3.268140
448	3	2444	2.520077	7.606688
449	1	10000	-2.787325	9.236355
450	1	10000	7.578481	-8.561868
451	1	10000	7.124597	-8.009211
452	2	8037	8.626771	-4.926576
452	2	1963	0.282851	6.568155
453	3	2463	6.288665	-2.602663
453	3	4397	1.152676	0.722551
453	3	3140	-3.771836	6.530569
454	2	8681	6.992404	-1.203217
454	2	1319	-1.368360	6.137728
455	3	5309	3.859710	6.077029
455	3	1882	5.562575	-2.590837
455	3	2809	-1.780061	6.911046
456	2	8904	-6.684523	6.593826
456	2	1096	5.108483	-2.933260
457	1	10000	5.946336	-6.133414
458	1	10000	6.427014	4.839924
459	2	9002	8.116999	-9.807491
459	2	998	1.554447	2.826363
460	2	8153	6.537811	-3.425955
460	2	1847	-3.663897	5.837001
461	1	10000	-3.180707	8.829708
462	3	2654	-0.949639	6.037076
462	3	4512	1.318881	-0.359853
462	3	2834	6.750469	-3.384619
463	2	2417	6.790406	-2.349461
463	2	7583	-4.241127	7.517468
464	2	1848	-0.764205	6.180847
464	2	8152	6.312036	-3.180259
465	2	7794	8.104868	-6.176068
465	2	2206	-2.884411	5.823908
466	2	5536	8.688155	-4.578590
466	2	4464	-3.955262	7.077385
467	2	8541	-9.026053	7.704262
467	2	1459	3.779803	-2.627949
468	1	10000	-6.155532	8.257353
469	2	3164	7.317655	-1.039803
469	2	6836	-2.070976	6.705225
470	2	3766	7.035995	-5.055184
470	2	6234	-2.913675	6.391793
471	2	9212	6.916460	-5.232146
471	2	788	-4.139639	4.678931
472	2	8037	7.236724	-7.050714
472	2	1963	-1.079491	5.778414
473	2	7918	-4.122091	7.722264
473	2	2082	6.376968	-2.362989
474	2	1849	1.294860	4.929392
474	2	8151	6.367990	-6.879030
475	1	10000	6.733499	-8.780824
476	3	7831	5.471072	-4.527669
476	3	1008	-6.650476	6.576690
476	3	1161	-0.833192	6.558824
477	3	3121	6.268091	-6.735989
477	3	5606	0.483495	-1.052316
477	3	1273	-3.873782	4.936824
478	2	7666	3.237398	-1.143839
478	2	2334	-5.892600	4.496180
479	2	2790	8.428358	-5.422227
479	2	7210	-3.420440	5.672936
480	2	5091	7.704607	-5.781879
480	2	4909	-3.367324	6.429645
481	2	2131	7.028182	-4.596241
481	2	7869	-5.093590	7.568493
482	2	8868	-5.131133	8.433284
482	2	1132	6.519139	-3.470383
483	3	6012	-2.919796	6.705919
483	3	2093	6.915251	1.318135
483	3	1895	6.960132	-4.820079
484	2	8192	6.576202	-1.598131
484	2	1808	-3.371250	5.268175
485	3	2252	4.435135	4.819640
485	3	5026	7.335503	-0.610494
485	3	2722	-4.258685	7.725461
486	2	8846	6.694816	-6.640331
486	2	1154	-1.042040	5.776064
487	1	10000	5.366903	-7.633811
488	1	10000	4.954978	-6.389348
489	2	8292	-6.674756	7.104892
489	2	1708	6.338037	-2.090615
490	2	8027	7.655160	-6.145789
490	2	1973	-4.053901	5.539070
491	2	7454	8.228669	-4.120741
491	2	2546	-2.166457	7.214940
492	2	9462	-5.442219	6.604185
492	2	538	6.871824	0.545651
493	2	6229	6.608827	-4.757910
493	2	3771	-5.405647	8.186645
494	1	10000	-5.467208	8.156734
495	2	3474	-4.572266	2.241111
495	2	6526	6.644028	-3.914834
496	2	3758	-8.565618	7.837073
496	2	6242	-2.432863	0.347216
497	1	10000	-6.278094	8.775652
498	3	6208	1.324052	8.023233
498	3	3025	-4.872284	8.023347
498	3	767	5.009794	-1.015729
499	2	2566	6.193290	-7.574501
499	2	7434	0.450005	-2.356842
500	2	8124	8.366385	-5.464465
500	2	1876	-2.427223	7.438117
501	3	2622	-4.182969	5.828887
501	3	1723	1.690937	5.821540
501	3	5655	8.090541	-1.900597
502	3	3261	-3.047442	5.149939
502	3	4275	0.373759	0.189813
502	3	2464	6.529980	-4.432303
503	1	10000	-1.583033	-2.628300
504	2	5332	7.765420	-6.055255
504	2	4668	-2.303297	6.143251
505	1	10000	5.053804	-7.513159
506	3	9042	-6.946143	9.400305
506	3	739	6.011661	-2.696222
506	3	219	4.855357	3.645649
507	2	9209	-3.570798	8.169170
507	2	791	7.827461	-1.787462
508	2	4701	-3.991672	7.009576
508	2	5299	7.004240	-4.705034
509	1	10000	6.207845	-4.064863
510	2	3429	6.998874	1.054558
510	2	6571	-4.404509	5.204908
511	3	2370	6.226965	3.287099
511	3	2002	6.981701	-1.877121
511	3	5628	-2.082858	8.355781
512	2	7251	7.767468	-4.642181
512	2	2749	-1.762873	5.804585
513	1	10000	-6.480784	8.516230
514	1	10000	5.025843	-7.550156
515	3	7745	-5.209449	6.201145
515	3	1075	6.183306	0.415550
515	3	1180	6.195209	-6.136011
516	2	6371	-3.168200	-0.027563
516	2	3629	-7.808291	6.584300
517	2	9615	6.688226	-7.869106
517	2	385	-2.243880	5.117651
518	2	9482	-3.348597	-1.415402
518	2	518	-6.012814	3.598050
519	2	8031	9.225873	-3.830457
519	2	1969	-3.005686	6.844574
520	2	7362	-2.676458	9.067105
520	2	2638	6.551993	-2.542800
521	2	5188	-2.659478	7.500694
521	2	4812	7.363307	-4.381011
522	2	7559	6.869356	-4.418002
522	2	2441	-1.204128	7.059702
523	1	10000	-6.210071	7.308225
524	2	8004	-6.833297	5.784509
524	2	1996	4.786495	-5.509824
525	3	5101	-2.853586	6.399987
525	3	2403	6.434573	-0.456218
525	3	2496	1.098120	1.524309
526	2	8673	6.741657	-3.151267
526	2	1327	-3.593113	7.703958
527	1	10000	-4.077167	7.314117
528	2	8388	-0.018238	-1.692534
528	2	1612	5.289249	-3.652699
529	2	9787	-6.929857	8.127724
529	2	213	5.621109	-3.263453
530	2	8713	7.387809	-3.767421
530	2	1287	0.232871	5.047556
531	2	6448	7.003620	-6.411869
531	2	3552	0.069088	5.945340
532	2	7686	-0.392840	1.786142
532	2	2314	5.247860	-8.047154
533	2	8759	-3.024536	7.911247
533	2	1241	5.217024	0.115477
534	1	10000	-5.147199	7.380553
535	1	10000	-4.975066	9.013758
536	2	8445	7.625125	-4.615263
536	2	1555	-2.067950	5.609011
537	1	10000	5.990965	-6.829624
538	2	4752	7.547267	-1.197754
538	2	5248	-4.491270	5.757057
539	1	10000	-5.184169	9.120762
540	2	9554	7.547011	-3.819177
540	2	446	-1.493236	4.258080
541	2	4382	-2.434432	6.500634
541	2	5618	5.080048	0.594052
542	3	4846	-0.874597	0.802609
542	3	3850	-6.103196	6.932339
542	3	1304	5.216758	-3.810794
543	3	4270	7.477340	0.895815
543	3	2056	7.477601	-5.001011
543	3	3674	-1.873591	6.865670
544	3	5820	9.021039	-2.851984
544	3	3468	-2.373072	8.295410
544	3	712	3.528330	7.219882
545	2	8922	-3.602467	6.297296
545	2	1078	6.365336	-3.446220
546	1	10000	-4.450260	7.051762
547	2	8657	-6.925963	7.224251
547	2	1343	5.098654	-3.759566
548	2	7491	-1.493695	8.113162
548	2	2509	7.277177	-0.692334
549	2	2249	7.223888	1.768443
549	2	7751	-5.416702	8.151735
550	1	10000	-6.261681	7.839506
551	2	7088	3.425363	-4.144487
551	2	2912	-6.173455	6.503031
552	2	7705	-5.647863	6.029037
552	2	2295	4.760480	-4.860316
553	1	10000	6.700133	-5.955976
554	2	7006	-1.871827	6.620010
554	2	2994	7.253037	-4.894569
555	2	6874	-2.682955	5.115779
555	2	3126	3.211229	2.397242
556	2	8042	8.472646	-4.520230
556	2	1958	3.529841	7.146661
557	1	10000	-4.414245	5.872778
558	1	10000	8.420352	-4.747115
559	2	8578	-6.635357	7.505141
559	2	1422	5.420630	-2.369028
560	2	7800	-4.643448	7.098330
560	2	2200	5.829583	-3.670958
561	2	4216	-0.808344	6.836230
561	2	5784	8.551629	0.153949
562	2	7579	6.181559	-4.962215
562	2	2421	-5.044888	6.509309
563	2	2397	-5.154251	5.833166
563	2	7603	3.596028	-1.318792
564	1	10000	-3.467719	6.397457
565	2	3445	5.678502	-8.217749
565	2	6555	-0.369444	-5.065509
566	2	8273	8.447576	-3.835527
566	2	1727	2.765963	5.658981
567	2	5798	-4.518596	5.378558
567	2	4202	6.332358	2.201221
568	2	8937	-4.394862	7.782553
568	2	1063	7.415138	-2.176098
569	1	10000	-8.266655	7.796445
570	2	7296	-4.590757	5.899877
570	2	2704	5.464983	-2.454861
571	1	10000	7.871433	-6.598809
572	1	10000	7.491290	-6.815326
573	2	8046	-4.847081	8.799402
573	2	1954	7.140158	0.102350
574	2	8136	5.149062	-5.736190
574	2	1864	-1.627275	5.762192
575	2	5243	6.646512	-3.428414
575	2	4757	-1.928100	6.929726
576	3	3049	7.327779	-1.427941
576	3	3558	-4.344228	7.279174
576	3	3393	1.444934	-1.117835
577	1	10000	7.455884	-5.508227
578	3	4072	7.287696	-7.654290
578	3	4972	1.841681	-2.293000
578	3	956	0.217106	4.716765
579	2	3071	8.562906	-0.854007
579	2	6929	-1.108037	9.333904
580	2	8479	6.421476	-3.327644
580	2	1521	-5.971505	4.461273
581	1	10000	5.580297	-6.646557
582	2	4640	8.760993	-3.090289
582	2	5360	-2.785575	8.882994
583	2	6140	6.270809	-3.431939
583	2	3860	-2.953547	7.973729
584	3	5272	-0.313090	1.505602
584	3	2813	-0.796838	5.754320
584	3	1915	5.717876	-2.464314
585	1	10000	-5.681670	7.769046
586	2	4335	-3.636538	6.668261
586	2	5665	6.956281	-3.170092
587	2	7633	-2.541813	5.314578
587	2	2367	6.658843	-0.010836
588	3	4791	0.899692	-1.456626
588	3	1823	-5.679629	5.020845
588	3	3386	6.500953	-6.040530
589	1	10000	-3.015167	-1.547381
590	2	4767	7.256894	-3.575309
590	2	5233	-2.073596	6.726863
591	2	3808	-4.163289	7.095860
591	2	6192	1.480508	1.007515
592	2	6687	5.816447	-2.542105
592	2	3313	-5.827465	5.905917
593	2	7670	4.381504	-3.368796
593	2	2330	-3.092071	5.894364
594	2	2492	-2.762987	6.767751
594	2	7508	4.516682	-5.875632
595	1	10000	-7.321875	7.086434
596	3	4183	6.634133	-4.614186
596	3	3281	0.878558	7.420401
596	3	2536	6.628387	1.343691
597	1	10000	-2.443208	9.732569
598	2	8448	-5.506033	6.775710
598	2	1552	6.223380	0.152945
599	2	8621	7.015471	-5.024142
599	2	1379	-1.125077	5.492377
600	3	4079	0.059034	-2.582112
600	3	4880	-6.537345	8.039113
600	3	1041	5.403966	-5.003098
601	1	10000	7.443326	-7.873295
602	2	5215	-4.488392	5.140362
602	2	4785	7.113374	-2.809464
603	1	10000	-5.403883	8.783796
604	1	10000	1.775975	8.551894
605	2	6352	-4.845541	5.240035
605	2	3648	8.330291	-5.592410
606	2	1663	-3.187588	6.402223
606	2	8337	7.543278	-6.198747
607	2	8594	-0.007365	8.771884
607	2	1406	6.385269	-0.421202
608	1	10000	-6.923722	7.140092
609	2	2945	-3.860707	7.585124
609	2	7055	7.462982	-5.316459
610	3	2895	7.707903	-0.752542
610	3	5610	2.356542	8.791141
610	3	1495	-3.900746	8.865707
611	2	2109	6.375202	-3.938642
611	2	7891	-6.284933	7.948843
612	3	3477	-3.055444	6.179599
612	3	3204	6.729736	-4.898664
612	3	3319	2.206466	-1.530918
613	1	10000	-6.268226	7.135235
614	2	7283	7.057713	-5.178950
614	2	2717	-3.617027	6.605946
615	1	10000	6.627796	-0.352025
616	3	3242	6.612098	-5.099487
616	3	4271	0.369835	1.441132
616	3	2487	-5.165261	6.231092
617	2	8661	-7.972594	6.434357
617	2	1339	4.726845	-1.272722
618	1	10000	7.723264	-7.153425
619	2	9797	5.965656	-6.978815
619	2	203	-5.177561	4.399983
620	2	9709	7.867319	-5.520374
620	2	291	-2.727507	6.287353
621	2	6609	-4.720420	6.088857
621	2	3391	6.110928	-4.913727
622	2	1122	4.980875	-1.384453
622	2	8878	-6.011114	8.897816
623	2	9437	7.562790	-5.999871
623	2	563	-3.018327	6.417566
624	2	2544	-4.037521	5.755041
624	2	7456	6.127887	-5.133522
625	2	5405	6.783818	-3.573096
625	2	4595	-4.201322	8.743666
626	3	844	-2.463727	6.368093
626	3	7769	6.684004	-4.343592
626	3	1387	3.083534	5.972082
627	2	2135	-1.859250	5.928032
627	2	7865	8.466270	-3.028249
628	1	10000	6.535993	-5.874923
629	2	9526	7.639769	-6.466142
629	2	474	-0.567951	6.106701
630	2	3887	-5.676804	5.531185
630	2	6113	2.015636	-0.819445
631	1	10000	8.951550	-4.115837
632	2	8199	6.419235	3.963611
632	2	1801	8.163728	-1.298935
633	1	10000	-6.562491	9.466740
634	1	10000	8.492613	-10.721193
635	2	8119	5.520937	-3.866637
635	2	1881	-5.935966	5.296857
636	1	10000	9.448929	-4.478175
637	3	4374	0.632290	-0.423494
637	3	4467	7.183452	-4.753752
637	3	1159	-2.787923	6.007868
638	2	7337	6.388039	-7.491736
638	2	2663	-5.128715	5.225129
639	2	3200	-0.824470	6.697280
639	2	6800	7.422729	-3.642968
640	2	7592	7.359994	-6.305461
640	2	2408	-4.965389	5.481941
641	3	2202	6.005598	-3.949086
641	3	6729	-0.702028	-0.231444
641	3	1069	-2.108272	4.876023
642	1	10000	5.584913	-5.632588
643	1	10000	-10.470466	8.534021
644	1	10000	-6.650888	3.354056
645	2	8774	7.490559	-4.829923
645	2	1226	-2.512742	5.630641
646	3	2395	-6.840645	6.007227
646	3	5332	-2.496682	1.780400
646	3	2273	5.647365	-4.107136
647	2	7713	-0.650460	-4.323262
647	2	2287	5.815289	-9.584253
648	1	10000	-4.793567	7.725126
649	2	7287	-2.860484	8.861141
649	2	2713	7.448566	-2.764171
650	1	10000	8.743235	-3.195763
651	2	6804	-2.709639	6.274695
651	2	3196	5.401063	3.654362
652	2	5026	-5.245320	5.857085
652	2	4974	5.358767	-2.441554
653	2	9369	7.700095	-3.705809
653	2	631	-1.804246	5.170685
654	3	4329	5.709703	0.527238
654	3	4597	-3.242886	6.212863
654	3	1074	5.709704	-3.823887
655	2	9074	8.490427	-3.644809
655	2	926	2.848445	4.686930
656	2	7706	8.887478	-1.744511
656	2	2294	-2.446472	6.534282
657	3	3524	0.694662	1.054371
657	3	2467	-2.740408	6.361826
657	3	4009	6.099509	-4.569668
658	2	2499	6.842636	2.526915
658	2	7501	-4.550107	7.111708
659	2	5809	-2.599950	6.191832
659	2	4191	7.264993	-4.995717
660	1	10000	-4.065021	-2.679371
661	2	1507	4.756378	-2.987255
661	2	8493	-3.770788	7.000433
662	2	9673	-4.353808	7.836422
662	2	327	4.771647	-0.201406
663	2	8173	6.542327	0.491574
663	2	1827	-3.092172	4.435251
664	2	4742	7.626822	0.591682
664	2	5258	-3.324720	6.037356
665	1	10000	6.554205	-5.882162
666	2	7835	-3.503688	7.128245
666	2	2165	5.761871	-2.915580
667	2	6995	1.296325	-8.296604
667	2	3005	6.772672	-8.786599
668	2	4998	8.887584	-0.552757
668	2	5002	-2.335830	7.664964
669	2	9656	6.039775	-3.859078
669	2	344	-1.918060	4.260843
670	2	7753	-0.026408	1.165005
670	2	2247	6.387427	-4.495743
671	2	5058	6.704045	-2.209235
671	2	4942	-3.167183	8.117732
672	1	10000	8.130674	-0.584220
673	1	10000	-7.354200	6.010933
674	2	3084	6.631443	-1.082470
674	2	6916	-4.375363	7.787120
675	3	3558	6.234820	-6.080590
675	3	5175	-0.078378	-1.675588
675	3	1267	-0.981588	4.040879
676	2	2859	-2.880721	6.065848
676	2	7141	5.915572	-4.108933
677	2	6445	7.623393	-4.047217
677	2	3555	-2.671629	7.156760
678	2	6189	5.958532	-2.674426
678	2	3811	-5.964041	5.268940
679	2	4385	6.346995	-4.367891
679	2	5615	-4.971983	7.467436
680	1	10000	6.221015	-5.386762
681	2	8559	-3.166060	9.253427
681	2	1441	5.288570	-2.809291
682	2	2771	5.995429	-5.123302
682	2	7229	-6.018672	6.290022
683	1	10000	7.181904	4.341356
684	2	8071	5.748679	-5.830720
684	2	1929	-5.726432	6.144196
685	2	3481	-1.291494	7.712087
685	2	6519	6.841193	-0.957068
686	2	8467	8.824845	-5.292998
686	2	1533	-1.410894	6.676860
687	3	5484	-2.881164	7.263785
687	3	992	7.088716	-3.292803
687	3	3524	6.813857	1.289370
688	2	9122	6.507195	-5.911049
688	2	878	-1.206519	2.331092
689	2	1887	5.553784	-4.087069
689	2	8113	-5.069359	6.367818
690	3	3372	0.926656	0.082600
690	3	4360	6.999590	-4.371000
690	3	2268	-2.968571	6.419625
691	2	6114	-3.689534	8.992806
691	2	3886	4.707782	1.854229
692	2	3043	7.176873	1.160176
692	2	6957	-2.488211	6.571551
693	2	7722	8.466703	-0.694238
693	2	2278	1.065426	6.070505
694	2	8877	-7.125004	7.309950
694	2	1123	5.838074	-2.299299
695	1	10000	-7.766266	7.899880
696	2	7452	-2.817500	8.999022
696	2	2548	7.240435	0.605238
697	2	6429	-4.001555	6.577720
697	2	3571	7.455172	-3.467009
698	2	3280	-2.221383	7.521717
698	2	6720	8.384067	-2.006233
699	1	10000	-4.916964	6.368873
700	2	9371	8.277876	-2.945210
700	2	629	0.057169	5.551662
701	1	10000	6.392287	-6.837682
702	1	10000	-8.590774	8.939690
703	2	7589	-4.771717	5.275745
703	2	2411	6.012964	-6.686712
704	1	10000	-6.530713	7.609350
705	1	10000	-3.713813	8.203859
706	2	9744	8.326262	-2.706965
706	2	256	2.587576	5.372822
707	1	10000	-7.640603	7.091974
708	2	4574	-4.086762	6.036648
708	2	5426	8.720406	-3.936585
709	2	8620	-0.726474	9.283181
709	2	1380	7.853587	-0.547674
710	2	4742	-4.668696	6.442656
710	2	5258	7.127540	-4.252904
711	2	8952	6.967706	-3.240527
711	2	1048	1.330235	5.487711
712	2	7414	6.650968	-0.563976
712	2	2586	-1.575322	6.515476
713	2	8283	-7.359263	7.340575
713	2	1717	5.439911	-4.485916
714	2	7460	-3.099808	6.680674
714	2	2540	5.700410	-5.800835
715	2	8329	6.768133	-1.008086
715	2	1671	1.896366	5.004528
716	1	10000	-6.867454	7.840664
717	3	4011	8.591207	-6.625428
717	3	1836	2.282605	-4.860660
717	3	4153	-4.228276	5.620464
718	1	10000	6.675210	-7.407076
719	1	10000	-2.542927	8.326044
720	1	10000	-1.704618	6.492861
721	2	8843	7.089903	-8.380624
721	2	1157	-5.329883	2.703772
722	2	5363	-2.979644	7.514988
722	2	4637	8.187745	-3.797862
723	2	3887	-3.584175	7.920301
723	2	6113	6.831311	-2.651194
724	2	5728	3.154066	6.697528
724	2	4272	9.037886	-2.918544
725	1	10000	7.325598	-4.667398
726	2	8426	-6.255673	6.991153
726	2	1574	5.931019	-4.397891
727	1	10000	-5.780625	5.523766
728	1	10000	7.647988	-5.591349
729	2	9517	-6.962382	7.126201
729	2	483	4.478990	-2.517547
730	1	10000	6.605685	-3.262292
731	1	10000	-6.978827	8.050159
732	2	6968	6.733117	-4.578449
732	2	3032	-2.846349	6.025903
733	1	10000	7.480587	-7.762655
734	1	10000	-3.645722	7.734642
735	2	6364	-3.127791	6.808981
735	2	3636	7.137385	-2.068353
736	2	7854	-4.614624	7.469791
736	2	2146	5.442765	0.259555
737	2	7272	-4.141464	6.557822
737	2	2728	7.209911	1.589038
738	1	10000	0.852021	7.649853
739	2	6680	-2.130643	4.186113
739	2	3320	6.018416	-6.537572
740	2	9508	8.519505	-5.526098
740	2	492	-1.892380	6.685525
741	2	4183	0.191234	7.252583
741	2	5817	8.750065	-4.115819
742	2	7206	6.591465	-5.669368
742	2	2794	-1.290179	5.385152
743	2	3717	-3.110088	5.841299
743	2	6283	7.652520	-6.631848
744	2	3882	8.060006	-2.464682
744	2	6118	-1.540638	8.554536
745	3	7709	9.039915	-3.686181
745	3	938	-1.996497	7.588721
745	3	1353	2.579953	7.431016
746	2	7533	-6.184507	6.204013
746	2	2467	6.751613	-0.266303
747	2	1609	4.912810	-3.962751
747	2	8391	-4.176532	7.905482
748	2	994	4.365344	-0.410746
748	2	9006	-7.859955	7.369765
749	2	6729	-1.778139	1.153880
749	2	3271	-6.863386	6.713667
750	1	10000	6.541803	-8.346802
751	1	10000	-4.831784	7.701417
752	3	2802	7.140477	-5.936139
752	3	6319	0.544882	-0.559750
752	3	879	-5.827429	5.327121
753	2	7726	-2.096141	8.919744
753	2	2274	5.762443	3.801936
754	2	5096	-4.319674	7.541311
754	2	4904	7.256546	-2.498312
755	2	3752	6.052264	-3.547844
755	2	6248	5.544874	2.913201
756	2	7061	-3.163609	7.636292
756	2	2939	6.732831	-4.663051
757	2	6557	7.904357	-4.701481
757	2	3443	-1.346886	5.897134
758	2	5883	-4.502516	6.697756
758	2	4117	7.917748	-5.492718
759	1	10000	-5.528809	8.204685
760	1	10000	-9.621593	7.695840
761	1	10000	5.602714	-2.312028
762	2	4262	-6.114750	6.242444
762	2	5738	3.891434	-4.932527
763	2	8684	-7.390822	7.306333
763	2	1316	5.130566	-3.703756
764	3	7360	6.789965	-5.501850
764	3	459	-4.347075	6.936923
764	3	2181	1.559910	6.925065
765	3	6115	-0.925674	2.003535
765	3	1406	4.789536	-2.166449
765	3	2479	-6.820593	5.824260
766	3	3385	1.317290	0.641608
766	3	4154	7.691911	-5.223012
766	3	2461	-1.941521	6.510511
767	3	5767	3.079251	7.143046
767	3	3341	7.073226	1.184120
767	3	892	-2.721016	7.361414
768	3	3445	4.471136	5.081510
768	3	3801	6.321431	-1.727462
768	3	2754	0.049770	7.793114
769	2	3272	-5.183111	6.666736
769	2	6728	-2.447894	1.974091
770	3	3380	-6.041894	6.679532
770	3	2531	5.864841	-4.567683
770	3	4089	0.432001	0.872281
771	1	10000	7.145774	-8.129023
772	2	290	7.050419	-2.111792
772	2	9710	-5.429882	9.903693
773	2	8857	7.216037	-2.351931
773	2	1143	-3.609731	5.378933
774	2	7544	-5.258639	6.968997
774	2	2456	7.108921	-5.269856
775	2	1124	-6.486049	4.927835
775	2	8876	-1.480346	-0.491962
776	2	4332	-1.310290	7.719058
776	2	5668	3.564107	4.544470
777	2	3989	5.752615	-1.910355
777	2	6011	-3.188544	5.668750
778	3	4903	-2.216876	8.874541
778	3	3816	8.497452	2.717639
778	3	1281	9.235715	-3.282493
779	2	7616	7.007552	-2.549425
779	2	2384	-1.382709	7.043936
780	2	5663	-3.413513	5.872960
780	2	4337	6.943724	-7.005477
781	2	9628	-0.634089	6.917914
781	2	372	6.094138	-3.880349
782	1	10000	-6.990952	6.955340
783	2	2832	6.659910	-5.201995
783	2	7168	-4.047030	5.771765
784	2	7620	-4.638228	4.860706
784	2	2380	5.269018	-6.256753
785	1	10000	7.275043	-7.248313
786	3	2074	-4.786714	6.750193
786	3	2861	6.821121	-4.741862
786	3	5065	1.032447	-0.934646
787	1	10000	-7.366809	5.418454
788	2	8269	8.592232	-4.595116
788	2	1731	-2.009307	6.315366
789	2	5657	6.311594	-3.340548
789	2	4343	0.356023	5.662383
790	2	5375	-2.935030	7.310216
790	2	4625	4.928931	-2.280785
791	1	10000	5.244446	-2.715107
792	3	1962	5.547096	3.862916
792	3	7496	-4.284055	6.953710
792	3	542	6.805769	-0.212266
793	2	4557	9.598052	-4.855200
793	2	5443	9.444709	1.361000
794	1	10000	-5.357482	6.478255
795	2	3270	-3.551688	6.231190
795	2	6730	-0.055653	0.378138
796	2	8916	-0.725729	-0.134806
796	2	1084	4.529931	-1.207282
797	1	10000	-10.286629	7.171012
798	3	9045	-2.388297	4.608397
798	3	347	5.473343	-5.035063
798	3	608	5.245209	0.871737
799	3	3934	-2.375515	0.701474
799	3	4523	4.066438	-3.858765
799	3	1543	-4.603282	4.849663
800	2	9427	-2.604420	8.628444
800	2	573	4.613717	-2.128347
801	1	10000	-3.574006	7.954258
802	2	8257	-5.551416	5.446396
802	2	1743	5.056141	0.951715
803	1	10000	7.437449	-7.056022
804	2	4213	6.484044	-1.489543
804	2	5787	-3.949228	7.086196
805	1	10000	-7.580693	6.269978
806	2	7861	-4.703248	6.364308
806	2	2139	8.343637	-3.071323
807	2	5189	-2.067908	-0.499267
807	2	4811	-2.534597	5.267155
808	2	4021	6.429396	-6.155498
808	2	5979	-5.241616	5.495991
809	2	7600	-2.895218	2.998669
809	2	2400	4.106601	-0.085476
810	2	4473	2.505354	7.766692
810	2	5527	-3.806394	7.792333
811	1	10000	8.034664	-1.596651
812	3	2641	1.705612	5.245715
812	3	6957	5.247132	-2.425048
812	3	402	-2.780826	5.271162
813	3	6002	-0.716390	6.018984
813	3	2674	5.716218	3.495579
813	3	1324	6.619810	0.687988
814	1	10000	6.955616	2.651535
815	3	6419	7.881015	-0.696638
815	3	917	-2.332289	6.616872
815	3	2664	2.402110	6.071966
816	3	4714	0.984749	-1.495965
816	3	1223	-2.320604	4.912995
816	3	4063	6.655790	-7.875397
817	2	8546	-4.564417	7.612895
817	2	1454	6.056708	-3.248320
818	2	6421	-3.171228	6.542292
818	2	3579	6.119634	-2.009211
819	2	7130	7.628987	-3.369797
819	2	2870	-0.987956	7.846607
820	1	10000	9.394937	-7.278164
821	2	6628	7.009018	-4.757891
821	2	3372	-4.688870	6.928833
822	2	9330	-3.811175	6.164947
822	2	670	4.179355	-4.119715
823	1	10000	7.972343	-6.976754
824	2	6290	4.216447	7.556448
824	2	3710	-1.344959	7.985688
825	3	5206	-0.174851	0.940596
825	3	3056	6.209243	-1.584735
825	3	1738	-6.247236	5.338200
826	1	10000	-2.477495	9.377651
827	1	10000	-6.603471	6.153807
828	2	2204	6.235970	0.429796
828	2	7796	-2.780375	6.674940
829	1	10000	7.682032	-6.243460
830	2	3165	5.994863	-0.792779
830	2	6835	-4.465941	6.128201
831	2	1430	4.836626	-2.688447
831	2	8570	-7.404721	6.316605
832	1	10000	8.091244	-2.547037
833	2	7707	8.515296	-6.633999
833	2	2293	3.506009	5.542005
834	2	8022	-3.634245	-0.310860
834	2	1978	-7.180006	5.456821
835	1	10000	8.733393	-5.918135
836	2	6479	7.059271	0.323012
836	2	3521	7.067014	-5.643167
837	2	8907	-3.205012	8.613379
837	2	1093	6.869040	-0.633822
838	2	7306	6.618024	-3.903126
838	2	2694	-5.909429	6.550564
839	2	8634	-2.133087	6.808592
839	2	1366	7.408717	1.561039
840	3	2800	1.457994	1.899400
840	3	3432	-2.330695	7.479893
840	3	3768	7.512441	-4.073670
841	2	4289	7.303056	-4.000497
841	2	5711	1.168870	7.182565
842	2	5145	8.852742	-4.904232
842	2	4855	-2.861430	7.327327
843	2	9254	-5.009084	7.540759
843	2	746	5.711369	3.305023
844	2	7065	6.717892	-2.431747
844	2	2935	4.422582	5.668585
845	2	8698	-1.951378	6.268508
845	2	1302	4.824612	-2.491411
846	1	10000	-9.608050	7.665324
847	2	3511	-2.200470	7.836008
847	2	6489	5.826467	-2.503797
848	2	5630	5.889386	-5.093748
848	2	4370	-2.480564	7.261024
849	1	10000	6.308012	-5.764317
850	2	6708	6.264666	-5.117094
850	2	3292	-5.534776	7.113585
851	1	10000	6.962416	-2.557995
852	2	8483	-7.395752	7.505526
852	2	1517	3.913501	-3.967473
853	2	8073	6.048797	-1.883077
853	2	1927	0.633285	6.200775
854	3	2244	-6.341835	4.953135
854	3	7045	-3.238627	-1.169623
854	3	711	4.581726	-5.107874
855	1	10000	6.252544	-5.761451
856	1	10000	6.928767	-9.569461
857	2	8645	-7.101753	7.446663
857	2	1355	5.842831	-2.950361
858	3	4423	-7.088273	7.688718
858	3	2932	-1.245659	1.266321
858	3	2645	4.892686	-3.434174
859	1	10000	-3.827069	8.277757
860	2	9141	8.506285	0.380490
860	2	859	-2.122112	5.131336
861	1	10000	-1.440781	6.299397
862	3	4971	7.330908	-5.464279
862	3	757	-2.219876	5.048667
862	3	4272	2.103179	-5.460501
863	1	10000	7.242268	-6.482802
864	3	8469	8.404078	-4.708868
864	3	952	2.377376	6.744459
864	3	579	-4.109591	7.024145
865	1	10000	-9.580794	6.559558
866	2	3785	5.938753	-5.754699
866	2	6215	-1.062057	5.498903
867	2	7195	-2.501779	-0.451850
867	2	2805	-3.500656	6.056850
868	2	4248	-2.323390	6.543683
868	2	5752	8.848845	-1.249852
869	2	3838	5.815729	-4.138969
869	2	6162	-4.240312	6.557811
870	2	6493	-4.903798	7.910501
870	2	3507	3.994384	3.368713
871	1	10000	6.461773	-5.758805
872	2	9345	6.475532	-6.340773
872	2	655	-3.616781	4.902655
873	2	9647	7.964158	-4.729528
873	2	353	1.165852	5.625861
874	2	8697	5.623713	-7.603696
874	2	1303	-6.234298	5.109706
875	1	10000	9.561262	-5.344834
876	2	1938	6.860500	-0.403962
876	2	8062	-6.378236	8.600204
877	2	1863	4.388567	-3.844529
877	2	8137	-7.198400	8.793194
878	1	10000	7.708957	-8.520984
879	2	7986	5.210016	-3.873729
879	2	2014	1.691339	4.674708
880	2	6944	6.676056	-1.699386
880	2	3056	-5.306674	6.134919
881	2	4783	4.513269	-1.589635
881	2	5217	-7.674572	7.391846
882	3	5619	-0.484227	-0.166973
882	3	1314	5.403498	-4.683034
882	3	3067	-4.642398	6.134650
883	2	5207	-1.816947	8.497269
883	2	4793	6.427709	3.123322
884	2	7096	6.864902	-3.526225
884	2	2904	-5.028727	6.832835
885	3	2116	-1.123923	6.014602
885	3	7080	6.361148	-3.696914
885	3	804	2.450373	5.643038
886	3	4548	0.785677	-0.679569
886	3	3820	7.116327	-3.279632
886	3	1632	-4.639674	5.910964
887	2	3401	7.409570	1.208484
887	2	6599	-3.637161	5.115670
888	1	10000	7.064023	-6.850611
889	2	9353	7.233276	-4.122673
889	2	647	1.263318	7.219909
890	2	9416	7.467489	-5.010237
890	2	584	-2.015505	4.887287
891	1	10000	-2.894628	7.323907
892	2	8047	2.490263	-0.594380
892	2	1953	-6.861038	5.941380
893	2	9550	-4.901520	5.514401
893	2	450	4.413896	1.786771
894	2	9334	-6.349275	8.347427
894	2	666	5.348409	0.020016
895	2	6966	-1.898173	9.090118
895	2	3034	6.725809	0.729222
896	1	10000	9.292238	-2.957806
897	2	4952	6.252013	-8.544494
897	2	5048	0.399738	-2.150962
898	3	1681	8.524974	-2.926127
898	3	5607	-2.325249	8.003499
898	3	2712	8.343512	3.085572
899	1	10000	7.588035	-5.428606
900	2	8329	-4.350885	7.768872
900	2	1671	7.518159	-2.742063
901	2	6946	-7.547676	4.699869
901	2	3054	5.242503	-5.573722
902	1	10000	6.337415	-7.765843
903	1	10000	5.508282	5.943891
904	3	5493	-0.472557	0.913156
904	3	2042	5.797001	-3.836185
904	3	2465	-5.522896	5.952359
905	2	8736	8.633892	-4.460825
905	2	1264	-2.221392	7.538062
906	1	10000	-4.387229	6.137823
907	2	8979	6.472694	-4.297115
907	2	1021	0.743734	6.045268
908	3	2294	-3.811241	7.887768
908	3	2765	1.775784	7.840153
908	3	4941	7.170801	-4.228172
909	1	10000	-5.519116	5.486926
910	2	9815	-6.789337	6.571732
910	2	185	3.295644	-0.241703
911	2	8268	-4.717693	5.908429
911	2	1732	5.977504	-2.133512
912	3	4854	6.537881	3.771919
912	3	2072	7.560553	-2.827347
912	3	3074	-1.461952	6.492878
913	1	10000	-6.243577	8.126311
914	3	9052	8.124587	-5.512383
914	3	351	-3.521462	4.964055
914	3	597	3.530247	4.010704
915	1	10000	-4.999585	6.604142
916	1	10000	-8.960442	7.850369
917	1	10000	-0.292799	7.995969
918	3	4871	6.648335	-6.126813
918	3	4224	0.320793	-1.693627
918	3	905	-4.440407	5.188948
919	1	10000	-4.683912	8.167853
920	2	9122	-4.998557	7.941175
920	2	878	5.956511	0.250364
921	2	8370	6.724861	-3.553990
921	2	1630	-3.216604	4.005975
922	3	6251	-6.945415	7.136793
922	3	3370	-1.160587	0.478292
922	3	379	4.926719	0.131926
923	2	9198	7.570352	-4.066922
923	2	802	-3.844250	4.816853
924	2	5236	-3.028257	5.267706
924	2	4764	7.607658	-4.344175
925	3	7435	0.316223	-1.224460
925	3	966	-3.938701	4.479696
925	3	1599	5.462001	-4.087159
926	2	7759	6.334452	-3.260625
926	2	2241	-1.920637	5.902425
927	2	5970	-2.355343	6.519694
927	2	4030	6.922154	-1.197618
928	2	7924	-5.411814	6.644947
928	2	2076	6.615896	-1.824025
929	3	2988	-4.314152	7.522679
929	3	3362	7.097104	-5.266854
929	3	3650	1.744991	1.079616
930	2	2943	0.599810	5.671664
930	2	7057	6.624074	-6.249403
931	1	10000	8.828816	-7.261906
932	1	10000	-4.452550	6.725829
933	2	4706	7.033882	-5.759880
933	2	5294	-1.393168	4.796837
934	1	10000	9.006705	-7.294314
935	1	10000	-4.580553	7.638394
936	1	10000	-4.786140	7.930211
937	2	6309	7.299350	-5.530353
937	2	3691	-2.210974	6.385880
938	2	4541	-4.360300	4.777128
938	2	5459	-0.547853	-1.168072
939	2	7995	-3.438213	5.930283
939	2	2005	4.372774	2.172991
940	3	6411	-2.204829	7.162641
940	3	1866	7.626507	-4.333170
940	3	1723	7.456254	1.356458
941	2	3226	-7.365806	7.149439
941	2	6774	-2.886123	1.032601
942	3	3551	-5.300467	6.476378
942	3	2729	6.776666	-2.532914
942	3	3720	0.185449	0.098301
943	1	10000	-3.093587	-1.997833
944	2	2563	2.456270	6.734127
944	2	7437	7.825351	-4.159089
945	2	1876	0.612083	5.433886
945	2	8124	6.432722	-4.943554
946	2	6588	5.434798	-4.989569
946	2	3412	-5.096102	6.650418
947	1	10000	-9.625464	6.373663
948	1	10000	8.912336	-3.714972
949	3	8042	-4.985664	6.771804
949	3	1576	6.517979	-3.830554
949	3	382	5.880873	2.791479
950	2	3445	7.345413	-1.627852
950	2	6555	-4.023934	6.231848
951	1	10000	8.651018	0.000252
952	2	9357	8.415768	-5.178265
952	2	643	-0.707300	5.658106
953	2	9563	-6.533976	6.664799
953	2	437	6.029195	-1.772301
954	2	5391	-1.950930	6.382210
954	2	4609	8.269478	-5.886028
955	2	7041	5.149971	-4.693062
955	2	2959	0.427406	6.092710
956	2	6375	-4.764447	6.552260
956	2	3625	6.694132	-4.901748
957	2	6282	-0.240672	-5.477344
957	2	3718	5.578200	-9.358377
958	2	5727	6.599938	-4.193725
958	2	4273	-0.857815	7.443648
959	3	2149	5.468640	-7.198705
959	3	7417	-1.079981	-1.690659
959	3	434	-4.597055	4.627190
960	3	3942	6.799257	-4.293470
960	3	3729	0.426585	1.716605
960	3	2329	-4.101180	6.842558
961	2	7942	7.095621	-5.728053
961	2	2058	-3.437111	5.649427
962	1	10000	-5.254790	5.666339
963	2	6429	-2.953285	-0.815900
963	2	3571	3.305998	-3.244812
964	1	10000	7.823582	-10.705344
965	2	8542	-6.918406	6.796450
965	2	1458	5.704185	-4.926160
966	2	3493	-0.303475	4.530452
966	2	6507	5.677298	-5.766732
967	1	10000	6.464581	-5.960611
968	1	10000	-7.800874	6.550532
969	2	1586	6.021217	-1.532155
969	2	8414	-5.847574	8.132679
970	1	10000	-6.369775	-3.032576
971	2	2515	-2.307351	5.654454
971	2	7485	6.552992	-4.927492
972	2	7031	-4.577011	7.083717
972	2	2969	6.960281	-5.360994
973	1	10000	5.589868	-3.815193
974	2	2792	6.585178	-6.127706
974	2	7208	0.960036	-3.510875
975	3	2667	6.460142	-5.825897
975	3	2126	-1.932456	5.282846
975	3	5207	1.164959	0.373989
976	2	7052	1.376750	-4.084128
976	2	2948	6.311303	-8.775083
977	1	10000	-6.354749	7.726832
978	2	5839	-0.726682	0.626524
978	2	4161	-4.401027	7.143017
979	3	7947	7.229132	-4.512153
979	3	1393	-2.267249	5.952047
979	3	660	2.999172	5.763216
980	2	3365	1.628468	-0.750666
980	2	6635	6.731405	-5.898736
981	3	4749	0.937036	0.468437
981	3	3154	7.115014	-5.405613
981	3	2097	-2.389457	6.456427
982	1	10000	7.604582	-5.653882
983	2	6323	-1.907147	6.629585
983	2	3677	6.726901	-5.427873
984	2	6713	-5.208342	6.376971
984	2	3287	6.666784	-1.919771
985	1	10000	6.557898	-4.164128
986	2	8693	7.855801	-2.264018
986	2	1307	-1.580002	4.804144
987	2	3500	2.637885	5.554818
987	2	6500	8.289649	-4.645995
988	2	1540	-4.210995	6.057997
988	2	8460	7.332141	-5.216534
989	2	9117	8.776402	-2.276493
989	2	883	3.257042	5.702092
990	2	7697	-0.518244	6.730294
990	2	2303	5.064875	0.817870
991	2	6834	2.400410	7.839322
991	2	3166	-2.793173	8.494621
992	1	10000	6.905606	-3.781282
993	3	2602	6.954190	-4.341642
993	3	4680	-4.035555	6.600352
993	3	2718	6.311709	1.131936
994	1	10000	-3.907820	9.592212
995	3	3470	-2.192033	1.921070
995	3	3657	-3.387788	7.358215
995	3	2873	4.534993	-2.859096
996	3	1121	4.917211	-4.247881
996	3	8201	-0.994460	-0.372674
996	3	678	-3.413025	4.712916
997	3	6277	7.190212	2.400640
997	3	2780	1.578421	5.679444
997	3	943	7.772738	-0.429817
998	1	10000	7.620869	-6.933872
999	2	6999	0.408079	-2.991949
999	2	3001	6.749782	-5.157326
1000	2	6541	-3.240056	9.402441
1000	2	3459	6.976655	-2.205447
